0.00000000	-0.68569092	0.21850117	0.00000000	-0.68129528	0.21544464	0.01000000	-0.68427556	0.21242455	0.00000000	-0.68164086	0.20758442	0.00000000	-0.68005928	0.21253342	0.00000000	-0.68005928	0.21253342	0.00000000	-0.68005928	0.21253342	0.00000000	-0.68005928	0.21253342	0.00000000	-0.68005928	0.21253342	0.00000000	-0.68005928	0.21253342
0.01000000	-0.68565987	0.21852003	0.01000000	-0.68130453	0.21546406	0.02000000	-0.68409117	0.21224548	0.01000000	-0.68164099	0.20759109	0.01000000	-0.68007647	0.21254827	0.01000000	-0.68007647	0.21254827	0.01000000	-0.68007647	0.21254827	0.01000000	-0.68007647	0.21254827	0.01000000	-0.68007647	0.21254827	0.01000000	-0.68007647	0.21254827
0.02000000	-0.68557513	0.21850071	0.02000000	-0.68130637	0.21546949	0.03000000	-0.68417567	0.21212511	0.02000000	-0.68163420	0.20759448	0.02000000	-0.68007543	0.21254411	0.02000000	-0.68007543	0.21254411	0.02000000	-0.68007543	0.21254411	0.02000000	-0.68007543	0.21254411	0.02000000	-0.68007543	0.21254411	0.02000000	-0.68007543	0.21254411
0.03000000	-0.68485691	0.21819517	0.03000000	-0.68130481	0.21547292	0.04000000	-0.68233286	0.21116992	0.03000000	-0.68164123	0.20759431	0.03000000	-0.68006443	0.21253533	0.03000000	-0.68006443	0.21253533	0.03000000	-0.68006443	0.21253533	0.03000000	-0.68006443	0.21253533	0.03000000	-0.68006443	0.21253533	0.03000000	-0.68006443	0.21253533
0.04000000	-0.68373676	0.21738603	0.04000000	-0.68133296	0.21551614	0.05000000	-0.67999393	0.20972161	0.04000000	-0.68166114	0.20760764	0.04000000	-0.67999477	0.21240659	0.04000000	-0.67999477	0.21240659	0.04000000	-0.67999477	0.21240659	0.04000000	-0.67999477	0.21240659	0.04000000	-0.67999477	0.21240659	0.04000000	-0.67999477	0.21240659
0.05000000	-0.68224327	0.21636907	0.05000000	-0.68128227	0.21546229	0.06000000	-0.67822494	0.20837751	0.05000000	-0.68167087	0.20760935	0.05000000	-0.67985407	0.21207137	0.05000000	-0.67985407	0.21207137	0.05000000	-0.67985407	0.21207137	0.05000000	-0.67985407	0.21207137	0.05000000	-0.67985407	0.21207137	0.05000000	-0.67985407	0.21207137
0.06000000	-0.68047948	0.21491521	0.06000000	-0.68128478	0.21546464	0.07000000	-0.67561015	0.20648050	0.06000000	-0.68163084	0.20758841	0.06000000	-0.68015243	0.21212545	0.06000000	-0.68015243	0.21212545	0.06000000	-0.68015243	0.21212545	0.06000000	-0.68015243	0.21212545	0.06000000	-0.68015243	0.21212545	0.06000000	-0.68015243	0.21212545
0.07000000	-0.67843521	0.21335498	0.07000000	-0.68122384	0.21533693	0.08000000	-0.67271540	0.20405686	0.07000000	-0.68153555	0.20753343	0.07000000	-0.67972685	0.21196113	0.07000000	-0.67972685	0.21196113	0.07000000	-0.67972685	0.21196113	0.07000000	-0.67972685	0.21196113	0.07000000	-0.67972685	0.21196113	0.07000000	-0.67972685	0.21196113
0.08000000	-0.67596204	0.21140366	0.08000000	-0.68099474	0.21486916	0.09000000	-0.66956008	0.20171881	0.08000000	-0.68103527	0.20740804	0.08000000	-0.67733825	0.21103863	0.08000000	-0.67733825	0.21103863	0.08000000	-0.67733825	0.21103863	0.08000000	-0.67733825	0.21103863	0.08000000	-0.67733825	0.21103863	0.08000000	-0.67733825	0.21103863
0.09000000	-0.67328111	0.20932356	0.09000000	-0.68045905	0.21448522	0.10000000	-0.66609802	0.19921333	0.09000000	-0.67978336	0.20658509	0.09000000	-0.67488732	0.20914217	0.09000000	-0.67488732	0.20914217	0.09000000	-0.67488732	0.20914217	0.09000000	-0.67488732	0.20914217	0.09000000	-0.67488732	0.20914217	0.09000000	-0.67488732	0.20914217
0.10000000	-0.67010848	0.20684375	0.10000000	-0.68005153	0.21421161	0.11000000	-0.66234960	0.19653012	0.10000000	-0.67815152	0.20537890	0.10000000	-0.67268344	0.20733691	0.10000000	-0.67268344	0.20733691	0.10000000	-0.67268344	0.20733691	0.10000000	-0.67268344	0.20733691	0.10000000	-0.67268344	0.20733691	0.10000000	-0.67268344	0.20733691
0.11000000	-0.66662849	0.20440071	0.11000000	-0.68034230	0.21496079	0.12000000	-0.65815990	0.19345545	0.11000000	-0.67660463	0.20404400	0.11000000	-0.66967745	0.20502508	0.11000000	-0.66967745	0.20502508	0.11000000	-0.66967745	0.20502508	0.11000000	-0.66967745	0.20502508	0.11000000	-0.66967745	0.20502508	0.11000000	-0.66967745	0.20502508
0.12000000	-0.66280158	0.20150661	0.12000000	-0.67893619	0.21464970	0.13000000	-0.65380995	0.19027018	0.12000000	-0.67447974	0.20248978	0.12000000	-0.66607167	0.20256739	0.12000000	-0.66607167	0.20256739	0.12000000	-0.66607167	0.20256739	0.12000000	-0.66607167	0.20256739	0.12000000	-0.66607167	0.20256739	0.12000000	-0.66607167	0.20256739
0.13000000	-0.65886868	0.19867608	0.13000000	-0.67649055	0.21239416	0.14000000	-0.64906616	0.18694354	0.13000000	-0.67191148	0.20047764	0.13000000	-0.66230661	0.20007702	0.13000000	-0.66230661	0.20007702	0.13000000	-0.66230661	0.20007702	0.13000000	-0.66230661	0.20007702	0.13000000	-0.66230661	0.20007702	0.13000000	-0.66230661	0.20007702
0.14000000	-0.65435199	0.19535667	0.14000000	-0.67417383	0.21003564	0.15000000	-0.64404818	0.18333642	0.14000000	-0.66881246	0.19797089	0.14000000	-0.65802297	0.19711941	0.14000000	-0.65802297	0.19711941	0.14000000	-0.65802297	0.19711941	0.14000000	-0.65802297	0.19711941	0.14000000	-0.65802297	0.19711941	0.14000000	-0.65802297	0.19711941
0.15000000	-0.64945109	0.19183817	0.15000000	-0.67091018	0.20774658	0.16000000	-0.63850275	0.17959551	0.15000000	-0.66565545	0.19560323	0.15000000	-0.65362059	0.19367473	0.15000000	-0.65362059	0.19367473	0.15000000	-0.65362059	0.19367473	0.15000000	-0.65362059	0.19367473	0.15000000	-0.65362059	0.19367473	0.15000000	-0.65362059	0.19367473
0.16000000	-0.64440514	0.18822839	0.16000000	-0.66689108	0.20469414	0.17000000	-0.63296323	0.17577121	0.16000000	-0.66226940	0.19307148	0.16000000	-0.64929103	0.19051399	0.16000000	-0.64929103	0.19051399	0.16000000	-0.64929103	0.19051399	0.16000000	-0.64929103	0.19051399	0.16000000	-0.64929103	0.19051399	0.16000000	-0.64929103	0.19051399
0.17000000	-0.63916458	0.18448325	0.17000000	-0.66329243	0.20192502	0.18000000	-0.62699964	0.17134790	0.17000000	-0.65858255	0.19041136	0.17000000	-0.64452036	0.18704779	0.17000000	-0.64452036	0.18704779	0.17000000	-0.64452036	0.18704779	0.17000000	-0.64452036	0.18704779	0.17000000	-0.64452036	0.18704779	0.17000000	-0.64452036	0.18704779
0.18000000	-0.63348227	0.18055303	0.18000000	-0.65937633	0.19921659	0.19000000	-0.62026808	0.16720667	0.18000000	-0.65428472	0.18730497	0.18000000	-0.63932415	0.18328314	0.18000000	-0.63932415	0.18328314	0.18000000	-0.63932415	0.18328314	0.18000000	-0.63932415	0.18328314	0.18000000	-0.63932415	0.18328314	0.18000000	-0.63932415	0.18328314
0.19000000	-0.62738951	0.17617689	0.19000000	-0.65478758	0.19597285	0.20000000	-0.61364040	0.16267110	0.19000000	-0.64987664	0.18406844	0.19000000	-0.63372144	0.17963562	0.19000000	-0.63372144	0.17963562	0.19000000	-0.63372144	0.17963562	0.19000000	-0.63372144	0.17963562	0.19000000	-0.63372144	0.17963562	0.19000000	-0.63372144	0.17963562
0.20000000	-0.62116234	0.17210668	0.20000000	-0.65004867	0.19247326	0.21000000	-0.60647116	0.15792102	0.20000000	-0.64539195	0.18094142	0.20000000	-0.62783440	0.17532375	0.20000000	-0.62783440	0.17532375	0.20000000	-0.62783440	0.17532375	0.20000000	-0.62783440	0.17532375	0.20000000	-0.62783440	0.17532375	0.20000000	-0.62783440	0.17532375
0.21000000	-0.61414208	0.16742314	0.21000000	-0.64494141	0.18895301	0.22000000	-0.59913512	0.15304519	0.21000000	-0.64041976	0.17741238	0.21000000	-0.62183278	0.17114630	0.21000000	-0.62183278	0.17114630	0.21000000	-0.62183278	0.17114630	0.21000000	-0.62183278	0.17114630	0.21000000	-0.62183278	0.17114630	0.21000000	-0.62183278	0.17114630
0.22000000	-0.60687009	0.16263420	0.22000000	-0.63973290	0.18520971	0.23000000	-0.59116015	0.14811395	0.22000000	-0.63491045	0.17360626	0.22000000	-0.61501545	0.16653645	0.22000000	-0.61501545	0.16653645	0.22000000	-0.61501545	0.16653645	0.22000000	-0.61501545	0.16653645	0.22000000	-0.61501545	0.16653645	0.22000000	-0.61501545	0.16653645
0.23000000	-0.59947259	0.15775981	0.23000000	-0.63415422	0.18134844	0.24000000	-0.58329376	0.14321530	0.23000000	-0.62914963	0.16970137	0.23000000	-0.60829100	0.16192645	0.23000000	-0.60829100	0.16192645	0.23000000	-0.60829100	0.16192645	0.23000000	-0.60829100	0.16192645	0.23000000	-0.60829100	0.16192645	0.23000000	-0.60829100	0.16192645
0.24000000	-0.59190089	0.15283879	0.24000000	-0.62802304	0.17690827	0.25000000	-0.57494991	0.13824168	0.24000000	-0.62259776	0.16547320	0.24000000	-0.60114160	0.15713243	0.24000000	-0.60114160	0.15713243	0.24000000	-0.60114160	0.15713243	0.24000000	-0.60114160	0.15713243	0.24000000	-0.60114160	0.15713243	0.24000000	-0.60114160	0.15713243
0.25000000	-0.58375904	0.14771846	0.25000000	-0.62185535	0.17288592	0.26000000	-0.56592623	0.13261511	0.25000000	-0.61616662	0.16098446	0.25000000	-0.59382465	0.15215396	0.25000000	-0.59382465	0.15215396	0.25000000	-0.59382465	0.15215396	0.25000000	-0.59382465	0.15215396	0.25000000	-0.59382465	0.15215396	0.25000000	-0.59382465	0.15215396
0.26000000	-0.57509507	0.14236114	0.26000000	-0.61506533	0.16815819	0.27000000	-0.55653255	0.12710684	0.26000000	-0.60921541	0.15600264	0.26000000	-0.58585598	0.14719276	0.26000000	-0.58585598	0.14719276	0.26000000	-0.58585598	0.14719276	0.26000000	-0.58585598	0.14719276	0.26000000	-0.58585598	0.14719276	0.26000000	-0.58585598	0.14719276
0.27000000	-0.56658742	0.13707025	0.27000000	-0.60770341	0.16349460	0.28000000	-0.54733276	0.12378531	0.27000000	-0.60198836	0.15097111	0.27000000	-0.57771620	0.14188406	0.27000000	-0.57771620	0.14188406	0.27000000	-0.57771620	0.14188406	0.27000000	-0.57771620	0.14188406	0.27000000	-0.57771620	0.14188406	0.27000000	-0.57771620	0.14188406
0.28000000	-0.55704565	0.13110566	0.28000000	-0.60021451	0.15859658	0.29000000	-0.53650855	0.11590360	0.28000000	-0.59459388	0.14616168	0.28000000	-0.56879291	0.13660694	0.28000000	-0.56879291	0.13660694	0.28000000	-0.56879291	0.13660694	0.28000000	-0.56879291	0.13660694	0.28000000	-0.56879291	0.13660694	0.28000000	-0.56879291	0.13660694
0.29000000	-0.54808481	0.12737837	0.29000000	-0.59275019	0.15373674	0.30000000	-0.52735930	0.11042448	0.29000000	-0.58686722	0.14112296	0.29000000	-0.56028988	0.13144768	0.29000000	-0.56028988	0.13144768	0.29000000	-0.56028988	0.13144768	0.29000000	-0.56028988	0.13144768	0.29000000	-0.56028988	0.13144768	0.29000000	-0.56028988	0.13144768
0.30000000	-0.53737582	0.11982480	0.30000000	-0.58455196	0.14872313	0.31000000	-0.51668514	0.10447103	0.30000000	-0.57867696	0.13631176	0.30000000	-0.55076745	0.12574989	0.30000000	-0.55076745	0.12574989	0.30000000	-0.55076745	0.12574989	0.30000000	-0.55076745	0.12574989	0.30000000	-0.55076745	0.12574989	0.30000000	-0.55076745	0.12574989
0.31000000	-0.52785693	0.11402341	0.31000000	-0.57613072	0.14374296	0.32000000	-0.50561382	0.09881399	0.31000000	-0.57046595	0.13121142	0.31000000	-0.54096620	0.12369502	0.31000000	-0.54096620	0.12369502	0.31000000	-0.54096620	0.12369502	0.31000000	-0.54096620	0.12369502	0.31000000	-0.54096620	0.12369502	0.31000000	-0.54096620	0.12369502
0.32000000	-0.51697819	0.10800711	0.32000000	-0.56751617	0.13870809	0.33000000	-0.49463562	0.09339282	0.32000000	-0.56125112	0.12562319	0.32000000	-0.53061671	0.11374938	0.32000000	-0.53061671	0.11374938	0.32000000	-0.53061671	0.11374938	0.32000000	-0.53061671	0.11374938	0.32000000	-0.53061671	0.11374938	0.32000000	-0.53061671	0.11374938
0.33000000	-0.50598825	0.10216672	0.33000000	-0.55873271	0.13318708	0.34000000	-0.48291633	0.08759198	0.33000000	-0.55235307	0.12019650	0.33000000	-0.52068921	0.10821695	0.33000000	-0.52068921	0.10821695	0.33000000	-0.52068921	0.10821695	0.33000000	-0.52068921	0.10821695	0.33000000	-0.52068921	0.10821695	0.33000000	-0.52068921	0.10821695
0.34000000	-0.49508565	0.09669661	0.34000000	-0.54913814	0.12768843	0.35000000	-0.47095016	0.08253887	0.34000000	-0.54247274	0.11619502	0.34000000	-0.50962005	0.10241230	0.34000000	-0.50962005	0.10241230	0.34000000	-0.50962005	0.10241230	0.34000000	-0.50962005	0.10241230	0.34000000	-0.50962005	0.10241230	0.34000000	-0.50962005	0.10241230
0.35000000	-0.48308048	0.09091743	0.35000000	-0.53935981	0.12436826	0.36000000	-0.45872027	0.07759728	0.35000000	-0.53226430	0.10857222	0.35000000	-0.49871040	0.09653827	0.35000000	-0.49871040	0.09653827	0.35000000	-0.49871040	0.09653827	0.35000000	-0.49871040	0.09653827	0.35000000	-0.49871040	0.09653827	0.35000000	-0.49871040	0.09653827
0.36000000	-0.47080214	0.08529598	0.36000000	-0.52933554	0.11623381	0.37000000	-0.44561354	0.07287563	0.36000000	-0.52246728	0.10296735	0.36000000	-0.48782851	0.09118770	0.36000000	-0.48782851	0.09118770	0.36000000	-0.48782851	0.09118770	0.36000000	-0.48782851	0.09118770	0.36000000	-0.48782851	0.09118770	0.36000000	-0.48782851	0.09118770
0.37000000	-0.45861722	0.08007729	0.37000000	-0.51922709	0.11018528	0.38000000	-0.43293146	0.06905324	0.37000000	-0.51138708	0.09697727	0.37000000	-0.47589185	0.08554001	0.37000000	-0.47589185	0.08554001	0.37000000	-0.47589185	0.08554001	0.37000000	-0.47589185	0.08554001	0.37000000	-0.47589185	0.08554001	0.37000000	-0.47589185	0.08554001
0.38000000	-0.44561414	0.07522624	0.38000000	-0.50803564	0.10443042	0.39000000	-0.41980840	0.06541401	0.38000000	-0.50067190	0.09126796	0.38000000	-0.46376291	0.08047032	0.38000000	-0.46376291	0.08047032	0.38000000	-0.46376291	0.08047032	0.38000000	-0.46376291	0.08047032	0.38000000	-0.46376291	0.08047032	0.38000000	-0.46376291	0.08047032
0.39000000	-0.43207376	0.07078266	0.39000000	-0.49746613	0.09852497	0.40000000	-0.40610917	0.06245122	0.39000000	-0.48932596	0.08575798	0.39000000	-0.45070774	0.07499928	0.39000000	-0.45070774	0.07499928	0.39000000	-0.45070774	0.07499928	0.39000000	-0.45070774	0.07499928	0.39000000	-0.45070774	0.07499928	0.39000000	-0.45070774	0.07499928
0.40000000	-0.41888485	0.06732585	0.40000000	-0.48597557	0.09323158	0.41000000	-0.39218962	0.05995020	0.40000000	-0.47755668	0.08021600	0.40000000	-0.43815943	0.07081192	0.40000000	-0.43815943	0.07081192	0.40000000	-0.43815943	0.07081192	0.40000000	-0.43815943	0.07081192	0.40000000	-0.43815943	0.07081192	0.40000000	-0.43815943	0.07081192
0.41000000	-0.40514850	0.06449489	0.41000000	-0.47411566	0.08735044	0.42000000	-0.37766888	0.05854865	0.41000000	-0.46571593	0.07481480	0.41000000	-0.42465890	0.06676844	0.41000000	-0.42465890	0.06676844	0.41000000	-0.42465890	0.06676844	0.41000000	-0.42465890	0.06676844	0.41000000	-0.42465890	0.06676844	0.41000000	-0.42465890	0.06676844
0.42000000	-0.39154025	0.06272111	0.42000000	-0.46196214	0.08215208	0.43000000	-0.36359897	0.05981093	0.42000000	-0.45341155	0.06999412	0.42000000	-0.41147766	0.06355009	0.42000000	-0.41147766	0.06355009	0.42000000	-0.41147766	0.06355009	0.42000000	-0.41147766	0.06355009	0.42000000	-0.41147766	0.06355009	0.42000000	-0.41147766	0.06355009
0.43000000	-0.37706971	0.06156951	0.43000000	-0.44962565	0.07726068	0.44000000	-0.34978689	0.05925108	0.43000000	-0.44031891	0.06523359	0.43000000	-0.39761650	0.06107221	0.43000000	-0.39761650	0.06107221	0.43000000	-0.39761650	0.06107221	0.43000000	-0.39761650	0.06107221	0.43000000	-0.39761650	0.06107221	0.43000000	-0.39761650	0.06107221
0.44000000	-0.36251181	0.06332497	0.44000000	-0.43645324	0.07255836	0.45000000	-0.33538185	0.06088619	0.44000000	-0.42704686	0.06141153	0.44000000	-0.38312107	0.05915564	0.44000000	-0.38312107	0.05915564	0.44000000	-0.38312107	0.05915564	0.44000000	-0.38312107	0.05915564	0.44000000	-0.38312107	0.05915564	0.44000000	-0.38312107	0.05915564
0.45000000	-0.34853818	0.06232181	0.45000000	-0.42318996	0.06872086	0.46000000	-0.32170939	0.06336875	0.45000000	-0.41350599	0.05801769	0.45000000	-0.36931073	0.05918294	0.45000000	-0.36931073	0.05918294	0.45000000	-0.36931073	0.05918294	0.45000000	-0.36931073	0.05918294	0.45000000	-0.36931073	0.05918294	0.45000000	-0.36931073	0.05918294
0.46000000	-0.33401130	0.06409794	0.46000000	-0.40947797	0.06546153	0.47000000	-0.30827272	0.06677438	0.46000000	-0.40008701	0.05548242	0.46000000	-0.35462237	0.05994718	0.46000000	-0.35462237	0.05994718	0.46000000	-0.35462237	0.05994718	0.46000000	-0.35462237	0.05994718	0.46000000	-0.35462237	0.05994718	0.46000000	-0.35462237	0.05994718
0.47000000	-0.32035398	0.06665675	0.47000000	-0.39566007	0.06288804	0.48000000	-0.29545892	0.07041098	0.47000000	-0.38596014	0.05342087	0.47000000	-0.34069601	0.06022904	0.47000000	-0.34069601	0.06022904	0.47000000	-0.34069601	0.06022904	0.47000000	-0.34069601	0.06022904	0.47000000	-0.34069601	0.06022904	0.47000000	-0.34069601	0.06022904
0.48000000	-0.30690364	0.07010344	0.48000000	-0.38153132	0.06128313	0.49000000	-0.28283912	0.07500561	0.48000000	-0.37202863	0.05271015	0.48000000	-0.32614678	0.06265346	0.48000000	-0.32614678	0.06265346	0.48000000	-0.32614678	0.06265346	0.48000000	-0.32614678	0.06265346	0.48000000	-0.32614678	0.06265346	0.48000000	-0.32614678	0.06265346
0.49000000	-0.29393494	0.07399425	0.49000000	-0.36729331	0.06140450	0.50000000	-0.27113328	0.07949097	0.49000000	-0.35697285	0.05361194	0.49000000	-0.31299711	0.06554120	0.49000000	-0.31299711	0.06554120	0.49000000	-0.31299711	0.06554120	0.49000000	-0.31299711	0.06554120	0.49000000	-0.31299711	0.06554120	0.49000000	-0.31299711	0.06554120
0.50000000	-0.28119027	0.07848919	0.50000000	-0.35311454	0.06146063	0.51000000	-0.25949986	0.08417989	0.50000000	-0.34350306	0.05345704	0.50000000	-0.29976136	0.06899783	0.50000000	-0.29976136	0.06899783	0.50000000	-0.29976136	0.06899783	0.50000000	-0.29976136	0.06899783	0.50000000	-0.29976136	0.06899783	0.50000000	-0.29976136	0.06899783
0.51000000	-0.26907767	0.08336749	0.51000000	-0.33880835	0.06244590	0.52000000	-0.24771686	0.08973049	0.51000000	-0.32923696	0.05546661	0.51000000	-0.28707475	0.07277101	0.51000000	-0.28707475	0.07277101	0.51000000	-0.28707475	0.07277101	0.51000000	-0.28707475	0.07277101	0.51000000	-0.28707475	0.07277101	0.51000000	-0.28707475	0.07277101
0.52000000	-0.25738942	0.08847596	0.52000000	-0.32435790	0.06502850	0.53000000	-0.23688834	0.09481941	0.52000000	-0.31586255	0.05809883	0.52000000	-0.27473131	0.07730114	0.52000000	-0.27473131	0.07730114	0.52000000	-0.27473131	0.07730114	0.52000000	-0.27473131	0.07730114	0.52000000	-0.27473131	0.07730114	0.52000000	-0.27473131	0.07730114
0.53000000	-0.24614390	0.09354693	0.53000000	-0.31144184	0.06789687	0.54000000	-0.22684669	0.09995374	0.53000000	-0.30263731	0.06159611	0.53000000	-0.26284963	0.08211851	0.53000000	-0.26284963	0.08211851	0.53000000	-0.26284963	0.08211851	0.53000000	-0.26284963	0.08211851	0.53000000	-0.26284963	0.08211851	0.53000000	-0.26284963	0.08211851
0.54000000	-0.23505733	0.09918686	0.54000000	-0.29837678	0.07149591	0.55000000	-0.21643694	0.10552072	0.54000000	-0.29021013	0.06531702	0.54000000	-0.25131965	0.08733227	0.54000000	-0.25131965	0.08733227	0.54000000	-0.25131965	0.08733227	0.54000000	-0.25131965	0.08733227	0.54000000	-0.25131965	0.08733227	0.54000000	-0.25131965	0.08733227
0.55000000	-0.22498595	0.10435693	0.55000000	-0.28534228	0.07590270	0.56000000	-0.20671375	0.11058016	0.55000000	-0.27767003	0.07001561	0.55000000	-0.24011882	0.09265064	0.55000000	-0.24011882	0.09265064	0.55000000	-0.24011882	0.09265064	0.55000000	-0.24011882	0.09265064	0.55000000	-0.24011882	0.09265064	0.55000000	-0.24011882	0.09265064
0.56000000	-0.21484725	0.11017642	0.56000000	-0.27288235	0.08070995	0.57000000	-0.19667229	0.11610725	0.56000000	-0.26544916	0.07485570	0.56000000	-0.22966564	0.09778137	0.56000000	-0.22966564	0.09778137	0.56000000	-0.22966564	0.09778137	0.56000000	-0.22966564	0.09778137	0.56000000	-0.22966564	0.09778137	0.56000000	-0.22966564	0.09778137
0.57000000	-0.20509198	0.11526097	0.57000000	-0.26097850	0.08567447	0.58000000	-0.18924579	0.12079962	0.57000000	-0.25399379	0.07973016	0.57000000	-0.21935991	0.10346476	0.57000000	-0.21935991	0.10346476	0.57000000	-0.21935991	0.10346476	0.57000000	-0.21935991	0.10346476	0.57000000	-0.21935991	0.10346476	0.57000000	-0.21935991	0.10346476
0.58000000	-0.19573674	0.12027736	0.58000000	-0.24971871	0.09067624	0.59000000	-0.17951796	0.12734369	0.58000000	-0.24260575	0.08550453	0.58000000	-0.20973439	0.10859418	0.58000000	-0.20973439	0.10859418	0.58000000	-0.20973439	0.10859418	0.58000000	-0.20973439	0.10859418	0.58000000	-0.20973439	0.10859418	0.58000000	-0.20973439	0.10859418
0.59000000	-0.18755946	0.12561909	0.59000000	-0.23859144	0.09608683	0.60000000	-0.17112345	0.13072060	0.59000000	-0.23227450	0.09053628	0.59000000	-0.20003877	0.11362498	0.59000000	-0.20003877	0.11362498	0.59000000	-0.20003877	0.11362498	0.59000000	-0.20003877	0.11362498	0.59000000	-0.20003877	0.11362498	0.59000000	-0.20003877	0.11362498
0.60000000	-0.17787065	0.13217911	0.60000000	-0.22814165	0.10180794	0.61000000	-0.16284234	0.13541909	0.60000000	-0.22187891	0.09631817	0.60000000	-0.19093024	0.11913631	0.60000000	-0.19093024	0.11913631	0.60000000	-0.19093024	0.11913631	0.60000000	-0.19093024	0.11913631	0.60000000	-0.19093024	0.11913631	0.60000000	-0.19093024	0.11913631
0.61000000	-0.16975491	0.13554989	0.61000000	-0.21802371	0.10733902	0.62000000	-0.15521299	0.13992352	0.61000000	-0.21227563	0.10145945	0.61000000	-0.18364343	0.12628536	0.61000000	-0.18364343	0.12628536	0.61000000	-0.18364343	0.12628536	0.61000000	-0.18364343	0.12628536	0.61000000	-0.18364343	0.12628536	0.61000000	-0.18364343	0.12628536
0.62000000	-0.16203999	0.14014653	0.62000000	-0.20860348	0.11250142	0.63000000	-0.14792651	0.14441725	0.62000000	-0.20262307	0.10674921	0.62000000	-0.17344482	0.13064129	0.62000000	-0.17344482	0.13064129	0.62000000	-0.17344482	0.13064129	0.62000000	-0.17344482	0.13064129	0.62000000	-0.17344482	0.13064129	0.62000000	-0.17344482	0.13064129
0.63000000	-0.15431363	0.14468206	0.63000000	-0.19898820	0.11764887	0.64000000	-0.14107431	0.14848182	0.63000000	-0.19307006	0.11200031	0.63000000	-0.16572608	0.13399854	0.63000000	-0.16572608	0.13399854	0.63000000	-0.16572608	0.13399854	0.63000000	-0.16572608	0.13399854	0.63000000	-0.16572608	0.13399854	0.63000000	-0.16572608	0.13399854
0.64000000	-0.14667451	0.14914512	0.64000000	-0.19037364	0.12235460	0.65000000	-0.13463185	0.15199746	0.64000000	-0.18475883	0.11801892	0.64000000	-0.15771381	0.13883790	0.64000000	-0.15771381	0.13883790	0.64000000	-0.15771381	0.13883790	0.64000000	-0.15771381	0.13883790	0.64000000	-0.15771381	0.13883790	0.64000000	-0.15771381	0.13883790
0.65000000	-0.13996435	0.15302387	0.65000000	-0.18188423	0.12886758	0.66000000	-0.12856275	0.15555693	0.65000000	-0.17518665	0.12297660	0.65000000	-0.15015867	0.14337676	0.65000000	-0.15015867	0.14337676	0.65000000	-0.15015867	0.14337676	0.65000000	-0.15015867	0.14337676	0.65000000	-0.15015867	0.14337676	0.65000000	-0.15015867	0.14337676
0.66000000	-0.13304431	0.15723477	0.66000000	-0.17273842	0.13257437	0.67000000	-0.12253215	0.15910894	0.66000000	-0.16738040	0.12684122	0.66000000	-0.14322735	0.14751090	0.66000000	-0.14322735	0.14751090	0.66000000	-0.14322735	0.14751090	0.66000000	-0.14322735	0.14751090	0.66000000	-0.14322735	0.14751090	0.66000000	-0.14322735	0.14751090
0.67000000	-0.12674707	0.16110139	0.67000000	-0.16446433	0.13683439	0.68000000	-0.11658626	0.16260477	0.67000000	-0.15930432	0.13167102	0.67000000	-0.13623692	0.15171778	0.67000000	-0.13623692	0.15171778	0.67000000	-0.13623692	0.15171778	0.67000000	-0.13623692	0.15171778	0.67000000	-0.13623692	0.15171778	0.67000000	-0.13623692	0.15171778
0.68000000	-0.12067368	0.16484627	0.68000000	-0.15658290	0.14177110	0.69000000	-0.11134401	0.16532308	0.68000000	-0.15156826	0.13626097	0.68000000	-0.12988932	0.15566735	0.68000000	-0.12988932	0.15566735	0.68000000	-0.12988932	0.15566735	0.68000000	-0.12988932	0.15566735	0.68000000	-0.12988932	0.15566735	0.68000000	-0.12988932	0.15566735
0.69000000	-0.11491317	0.16804792	0.69000000	-0.14905556	0.14608653	0.70000000	-0.10579484	0.16865947	0.69000000	-0.14456113	0.14060771	0.69000000	-0.12372399	0.15926343	0.69000000	-0.12372399	0.15926343	0.69000000	-0.12372399	0.15926343	0.69000000	-0.12372399	0.15926343	0.69000000	-0.12372399	0.15926343	0.69000000	-0.12372399	0.15926343
0.70000000	-0.10904877	0.17111123	0.70000000	-0.14204033	0.15027406	0.71000000	-0.10077208	0.17121844	0.70000000	-0.13739148	0.14471636	0.70000000	-0.11775056	0.16285026	0.70000000	-0.11775056	0.16285026	0.70000000	-0.11775056	0.16285026	0.70000000	-0.11775056	0.16285026	0.70000000	-0.11775056	0.16285026	0.70000000	-0.11775056	0.16285026
0.71000000	-0.10391571	0.17371276	0.71000000	-0.13494039	0.15403702	0.72000000	-0.09595420	0.17372842	0.71000000	-0.13072294	0.14860230	0.71000000	-0.11190736	0.16577619	0.71000000	-0.11190736	0.16577619	0.71000000	-0.11190736	0.16577619	0.71000000	-0.11190736	0.16577619	0.71000000	-0.11190736	0.16577619	0.71000000	-0.11190736	0.16577619
0.72000000	-0.09895908	0.17620346	0.72000000	-0.12851652	0.15765163	0.73000000	-0.09131159	0.17609444	0.72000000	-0.12420221	0.15211907	0.72000000	-0.10643831	0.16887647	0.72000000	-0.10643831	0.16887647	0.72000000	-0.10643831	0.16887647	0.72000000	-0.10643831	0.16887647	0.72000000	-0.10643831	0.16887647	0.72000000	-0.10643831	0.16887647
0.73000000	-0.09414164	0.17852500	0.73000000	-0.12227892	0.16106228	0.74000000	-0.08720234	0.17832707	0.73000000	-0.11809148	0.15562019	0.73000000	-0.10116191	0.17151801	0.73000000	-0.10116191	0.17151801	0.73000000	-0.10116191	0.17151801	0.73000000	-0.10116191	0.17151801	0.73000000	-0.10116191	0.17151801	0.73000000	-0.10116191	0.17151801
0.74000000	-0.08940622	0.18085230	0.74000000	-0.11622932	0.16448631	0.75000000	-0.08337598	0.17997229	0.74000000	-0.11212567	0.15904043	0.74000000	-0.09617123	0.17394437	0.74000000	-0.09617123	0.17394437	0.74000000	-0.09617123	0.17394437	0.74000000	-0.09617123	0.17394437	0.74000000	-0.09617123	0.17394437	0.74000000	-0.09617123	0.17394437
0.75000000	-0.08497421	0.18312280	0.75000000	-0.11042390	0.16743107	0.76000000	-0.07951986	0.18188604	0.75000000	-0.10672296	0.16179418	0.75000000	-0.09132895	0.17632744	0.75000000	-0.09132895	0.17632744	0.75000000	-0.09132895	0.17632744	0.75000000	-0.09132895	0.17632744	0.75000000	-0.09132895	0.17632744	0.75000000	-0.09132895	0.17632744
0.76000000	-0.08088103	0.18473203	0.76000000	-0.10467283	0.17053315	0.77000000	-0.07633998	0.18334763	0.76000000	-0.10127397	0.16481094	0.76000000	-0.08711001	0.17866074	0.76000000	-0.08711001	0.17866074	0.76000000	-0.08711001	0.17866074	0.76000000	-0.08711001	0.17866074	0.76000000	-0.08711001	0.17866074	0.76000000	-0.08711001	0.17866074
0.77000000	-0.07705966	0.18668409	0.77000000	-0.09943869	0.17307184	0.78000000	-0.07306945	0.18480081	0.77000000	-0.09632214	0.16770529	0.77000000	-0.08291730	0.18084293	0.77000000	-0.08291730	0.18084293	0.77000000	-0.08291730	0.18084293	0.77000000	-0.08291730	0.18084293	0.77000000	-0.08291730	0.18084293	0.77000000	-0.08291730	0.18084293
0.78000000	-0.07352067	0.18815137	0.78000000	-0.09447571	0.17548557	0.79000000	-0.07023068	0.18588628	0.78000000	-0.09143726	0.17011756	0.78000000	-0.07909849	0.18240787	0.78000000	-0.07909849	0.18240787	0.78000000	-0.07909849	0.18240787	0.78000000	-0.07909849	0.18240787	0.78000000	-0.07909849	0.18240787	0.78000000	-0.07909849	0.18240787
0.79000000	-0.07010785	0.18949024	0.79000000	-0.08974865	0.17786653	0.80000000	-0.06755084	0.18701330	0.79000000	-0.08671209	0.17252083	0.79000000	-0.07552014	0.18397680	0.79000000	-0.07552014	0.18397680	0.79000000	-0.07552014	0.18397680	0.79000000	-0.07552014	0.18397680	0.79000000	-0.07552014	0.18397680	0.79000000	-0.07552014	0.18397680
0.80000000	-0.06725344	0.19065419	0.80000000	-0.08501873	0.18009328	0.81000000	-0.06526576	0.18811470	0.80000000	-0.08205501	0.17475445	0.80000000	-0.07198038	0.18547301	0.80000000	-0.07198038	0.18547301	0.80000000	-0.07198038	0.18547301	0.80000000	-0.07198038	0.18547301	0.80000000	-0.07198038	0.18547301	0.80000000	-0.07198038	0.18547301
0.81000000	-0.06422029	0.19188217	0.81000000	-0.08090664	0.18184571	0.82000000	-0.06304230	0.18918337	0.81000000	-0.07812143	0.17653677	0.81000000	-0.06872649	0.18699010	0.81000000	-0.06872649	0.18699010	0.81000000	-0.06872649	0.18699010	0.81000000	-0.06872649	0.18699010	0.81000000	-0.06872649	0.18699010	0.81000000	-0.06872649	0.18699010
0.82000000	-0.06152530	0.19299261	0.82000000	-0.07678866	0.18373725	0.83000000	-0.06077308	0.19014512	0.82000000	-0.07420083	0.17821152	0.82000000	-0.06579385	0.18827751	0.82000000	-0.06579385	0.18827751	0.82000000	-0.06579385	0.18827751	0.82000000	-0.06579385	0.18827751	0.82000000	-0.06579385	0.18827751	0.82000000	-0.06579385	0.18827751
0.83000000	-0.05904847	0.19405259	0.83000000	-0.07303645	0.18530894	0.84000000	-0.05919576	0.19066563	0.83000000	-0.07090757	0.17981520	0.83000000	-0.06312095	0.18946321	0.83000000	-0.06312095	0.18946321	0.83000000	-0.06312095	0.18946321	0.83000000	-0.06312095	0.18946321	0.83000000	-0.06312095	0.18946321	0.83000000	-0.06312095	0.18946321
0.84000000	-0.05689704	0.19486500	0.84000000	-0.06974605	0.18657287	0.85000000	-0.05740927	0.19159746	0.84000000	-0.06744710	0.18112097	0.84000000	-0.06073586	0.19053210	0.84000000	-0.06073586	0.19053210	0.84000000	-0.06073586	0.19053210	0.84000000	-0.06073586	0.19053210	0.84000000	-0.06073586	0.19053210	0.84000000	-0.06073586	0.19053210
0.85000000	-0.05520512	0.19546927	0.85000000	-0.06671278	0.18770910	0.86000000	-0.05591466	0.19190113	0.85000000	-0.06416486	0.18232575	0.85000000	-0.05847783	0.19144082	0.85000000	-0.05847783	0.19144082	0.85000000	-0.05847783	0.19144082	0.85000000	-0.05847783	0.19144082	0.85000000	-0.05847783	0.19144082	0.85000000	-0.05847783	0.19144082
0.86000000	-0.05325462	0.19628961	0.86000000	-0.06393298	0.18884470	0.87000000	-0.05466594	0.19257790	0.86000000	-0.06125495	0.18341310	0.86000000	-0.05618401	0.19207629	0.86000000	-0.05618401	0.19207629	0.86000000	-0.05618401	0.19207629	0.86000000	-0.05618401	0.19207629	0.86000000	-0.05618401	0.19207629	0.86000000	-0.05618401	0.19207629
0.87000000	-0.05171834	0.19667877	0.87000000	-0.06116463	0.19004194	0.88000000	-0.05355079	0.19300429	0.87000000	-0.05864155	0.18448826	0.87000000	-0.05447427	0.19304326	0.87000000	-0.05447427	0.19304326	0.87000000	-0.05447427	0.19304326	0.87000000	-0.05447427	0.19304326	0.87000000	-0.05447427	0.19304326	0.87000000	-0.05447427	0.19304326
0.88000000	-0.05050868	0.19712114	0.88000000	-0.05850458	0.19115134	0.89000000	-0.05297785	0.19307658	0.88000000	-0.05630333	0.18554644	0.88000000	-0.05266914	0.19330340	0.88000000	-0.05266914	0.19330340	0.88000000	-0.05266914	0.19330340	0.88000000	-0.05266914	0.19330340	0.88000000	-0.05266914	0.19330340	0.88000000	-0.05266914	0.19330340
0.89000000	-0.04938491	0.19746500	0.89000000	-0.05626254	0.19222824	0.90000000	-0.05223459	0.19312024	0.89000000	-0.05406422	0.18625588	0.89000000	-0.05138092	0.19419933	0.89000000	-0.05138092	0.19419933	0.89000000	-0.05138092	0.19419933	0.89000000	-0.05138092	0.19419933	0.89000000	-0.05138092	0.19419933	0.89000000	-0.05138092	0.19419933
0.90000000	-0.04843214	0.19779604	0.90000000	-0.05437055	0.19321980	0.91000000	-0.05181017	0.19320392	0.90000000	-0.05181272	0.18699863	0.90000000	-0.05012517	0.19441470	0.90000000	-0.05012517	0.19441470	0.90000000	-0.05012517	0.19441470	0.90000000	-0.05012517	0.19441470	0.90000000	-0.05012517	0.19441470	0.90000000	-0.05012517	0.19441470
0.91000000	-0.04796898	0.19788345	0.91000000	-0.05239534	0.19375280	0.92000000	-0.05138822	0.19319837	0.91000000	-0.04983358	0.18764938	0.91000000	-0.04900550	0.19464736	0.91000000	-0.04900550	0.19464736	0.91000000	-0.04900550	0.19464736	0.91000000	-0.04900550	0.19464736	0.91000000	-0.04900550	0.19464736	0.91000000	-0.04900550	0.19464736
0.92000000	-0.04759974	0.19797811	0.92000000	-0.05100376	0.19462109	0.93000000	-0.05111787	0.19311858	0.92000000	-0.04801313	0.18799971	0.92000000	-0.04802071	0.19500065	0.92000000	-0.04802071	0.19500065	0.92000000	-0.04802071	0.19500065	0.92000000	-0.04802071	0.19500065	0.92000000	-0.04802071	0.19500065	0.92000000	-0.04802071	0.19500065
0.93000000	-0.04743788	0.19801188	0.93000000	-0.04974042	0.19495567	0.94000000	-0.05108436	0.19305427	0.93000000	-0.04662782	0.18836824	0.93000000	-0.04765688	0.19526342	0.93000000	-0.04765688	0.19526342	0.93000000	-0.04765688	0.19526342	0.93000000	-0.04765688	0.19526342	0.93000000	-0.04765688	0.19526342	0.93000000	-0.04765688	0.19526342
0.94000000	-0.04772461	0.19798554	0.94000000	-0.04860172	0.19572437	0.95000000	-0.05116612	0.19297926	0.94000000	-0.04555059	0.18870218	0.94000000	-0.04736756	0.19546094	0.94000000	-0.04736756	0.19546094	0.94000000	-0.04736756	0.19546094	0.94000000	-0.04736756	0.19546094	0.94000000	-0.04736756	0.19546094	0.94000000	-0.04736756	0.19546094
0.95000000	-0.04799014	0.19790784	0.95000000	-0.04751214	0.19602370	0.96000000	-0.05184439	0.19280928	0.95000000	-0.04440117	0.18899578	0.95000000	-0.04720574	0.19555439	0.95000000	-0.04720574	0.19555439	0.95000000	-0.04720574	0.19555439	0.95000000	-0.04720574	0.19555439	0.95000000	-0.04720574	0.19555439	0.95000000	-0.04720574	0.19555439
0.96000000	-0.04811259	0.19785400	0.96000000	-0.04698173	0.19627461	0.97000000	-0.05235691	0.19269150	0.96000000	-0.04345113	0.18947486	0.96000000	-0.04740422	0.19557000	0.96000000	-0.04740422	0.19557000	0.96000000	-0.04740422	0.19557000	0.96000000	-0.04740422	0.19557000	0.96000000	-0.04740422	0.19557000	0.96000000	-0.04740422	0.19557000
0.97000000	-0.04895611	0.19776679	0.97000000	-0.04636697	0.19634351	0.98000000	-0.05340956	0.19214230	0.97000000	-0.04280151	0.18962853	0.97000000	-0.04766187	0.19556614	0.97000000	-0.04766187	0.19556614	0.97000000	-0.04766187	0.19556614	0.97000000	-0.04766187	0.19556614	0.97000000	-0.04766187	0.19556614	0.97000000	-0.04766187	0.19556614
0.98000000	-0.04963695	0.19758795	0.98000000	-0.04614362	0.19656255	0.99000000	-0.05456015	0.19177594	0.98000000	-0.04232249	0.18966752	0.98000000	-0.04783445	0.19549955	0.98000000	-0.04783445	0.19549955	0.98000000	-0.04783445	0.19549955	0.98000000	-0.04783445	0.19549955	0.98000000	-0.04783445	0.19549955	0.98000000	-0.04783445	0.19549955
0.99000000	-0.05054602	0.19721300	0.99000000	-0.04611676	0.19643896	1.00000000	-0.05575733	0.19140889	0.99000000	-0.04203407	0.18960319	0.99000000	-0.04867863	0.19547055	0.99000000	-0.04867863	0.19547055	0.99000000	-0.04867863	0.19547055	0.99000000	-0.04867863	0.19547055	0.99000000	-0.04867863	0.19547055	0.99000000	-0.04867863	0.19547055
1.00000000	-0.05172284	0.19661171	1.00000000	-0.04617687	0.19629973	1.01000000	-0.05713272	0.19070702	1.00000000	-0.04202532	0.18957433	1.00000000	-0.04963132	0.19524352	1.00000000	-0.04963132	0.19524352	1.00000000	-0.04963132	0.19524352	1.00000000	-0.04963132	0.19524352	1.00000000	-0.04963132	0.19524352	1.00000000	-0.04963132	0.19524352
1.01000000	-0.05310245	0.19624530	1.01000000	-0.04635401	0.19618892	1.02000000	-0.05864280	0.19033998	1.01000000	-0.04205629	0.18951129	1.01000000	-0.05048123	0.19455987	1.01000000	-0.05048123	0.19455987	1.01000000	-0.05048123	0.19455987	1.01000000	-0.05048123	0.19455987	1.01000000	-0.05048123	0.19455987	1.01000000	-0.05048123	0.19455987
1.02000000	-0.05480045	0.19552317	1.02000000	-0.04713510	0.19613446	1.03000000	-0.06066405	0.18936504	1.02000000	-0.04210675	0.18947920	1.02000000	-0.05166579	0.19430758	1.02000000	-0.05166579	0.19430758	1.02000000	-0.05166579	0.19430758	1.02000000	-0.05166579	0.19430758	1.02000000	-0.05166579	0.19430758	1.02000000	-0.05166579	0.19430758