0.0	-0.769	0.306		0.0	-0.77154	0.3039		0.0	-0.775	0.29		0.0	-0.78288	0.29392		0.0	-0.78	0.293		0.0	-0.777	0.29		0.0	-0.77667	0.29023		0.0	-0.77462	0.28874		0.0	-0.77622	0.29235		0.0	-0.77571	0.2892		
0.01	-0.769	0.306		0.01	-0.77155	0.30393		0.01	-0.776	0.29		0.01	-0.78288	0.29397		0.01	-0.779	0.293		0.01	-0.776	0.29		0.01	-0.77656	0.29021		0.01	-0.77463	0.28878		0.01	-0.77608	0.29229		0.01	-0.77565	0.28921		
0.02	-0.769	0.307		0.02	-0.77156	0.30394		0.02	-0.775	0.289		0.02	-0.7829	0.29409		0.02	-0.778	0.293		0.02	-0.775	0.29		0.02	-0.77655	0.29019		0.02	-0.77465	0.2888		0.02	-0.77588	0.29236		0.02	-0.77546	0.28913		
0.03	-0.769	0.307		0.03	-0.77155	0.30398		0.03	-0.773	0.288		0.03	-0.78277	0.29406		0.03	-0.777	0.292		0.03	-0.774	0.289		0.03	-0.77658	0.29021		0.03	-0.7747	0.28886		0.03	-0.77432	0.29091		0.03	-0.77403	0.28845		
0.04	-0.769	0.308		0.04	-0.77153	0.3041		0.04	-0.771	0.286		0.04	-0.78188	0.29418		0.04	-0.775	0.29		0.04	-0.773	0.287		0.04	-0.77509	0.28939		0.04	-0.7747	0.28887		0.04	-0.7715	0.28882		0.04	-0.77235	0.28662		
0.05	-0.768	0.308		0.05	-0.77152	0.30407		0.05	-0.769	0.285		0.05	-0.78079	0.29394		0.05	-0.773	0.289		0.05	-0.77	0.286		0.05	-0.77155	0.28678		0.05	-0.7747	0.28886		0.05	-0.76891	0.2866		0.05	-0.76983	0.28465		
0.06	-0.767	0.307		0.06	-0.77129	0.30404		0.06	-0.766	0.282		0.06	-0.77949	0.29281		0.06	-0.771	0.287		0.06	-0.768	0.284		0.06	-0.76858	0.28427		0.06	-0.77469	0.28888		0.06	-0.76618	0.28432		0.06	-0.76766	0.28287		
0.07	-0.765	0.306		0.07	-0.77051	0.30398		0.07	-0.763	0.28		0.07	-0.77772	0.29142		0.07	-0.768	0.284		0.07	-0.765	0.281		0.07	-0.76555	0.28215		0.07	-0.77453	0.28888		0.07	-0.76298	0.28161		0.07	-0.76483	0.28077		
0.08	-0.763	0.304		0.08	-0.76936	0.30378		0.08	-0.76	0.278		0.08	-0.77552	0.28971		0.08	-0.765	0.282		0.08	-0.762	0.279		0.08	-0.76232	0.27946		0.08	-0.77392	0.28873		0.08	-0.75948	0.27886		0.08	-0.76195	0.27833		
0.09	-0.761	0.302		0.09	-0.7681	0.30282		0.09	-0.756	0.275		0.09	-0.77322	0.28793		0.09	-0.761	0.279		0.09	-0.759	0.276		0.09	-0.75889	0.27668		0.09	-0.77256	0.28805		0.09	-0.7557	0.27564		0.09	-0.75878	0.27561		
0.1	-0.758	0.299		0.1	-0.76664	0.30084		0.1	-0.752	0.271		0.1	-0.77075	0.28542		0.1	-0.757	0.276		0.1	-0.756	0.273		0.1	-0.755	0.27363		0.1	-0.77107	0.28692		0.1	-0.75193	0.27254		0.1	-0.75522	0.27255		
0.11	-0.755	0.297		0.11	-0.76446	0.2992		0.11	-0.748	0.268		0.11	-0.76765	0.28273		0.11	-0.753	0.273		0.11	-0.752	0.269		0.11	-0.75118	0.27031		0.11	-0.76934	0.28546		0.11	-0.74764	0.26897		0.11	-0.75141	0.26957		
0.12	-0.751	0.294		0.12	-0.76202	0.29712		0.12	-0.744	0.264		0.12	-0.76449	0.27977		0.12	-0.749	0.269		0.12	-0.748	0.266		0.12	-0.74686	0.26689		0.12	-0.76738	0.28379		0.12	-0.74325	0.26541		0.12	-0.74698	0.26601		
0.13	-0.747	0.291		0.13	-0.75935	0.29461		0.13	-0.738	0.261		0.13	-0.76079	0.27665		0.13	-0.744	0.265		0.13	-0.743	0.262		0.13	-0.74248	0.26325		0.13	-0.76488	0.28171		0.13	-0.73775	0.26231		0.13	-0.74242	0.26223		
0.14	-0.743	0.288		0.14	-0.7561	0.29193		0.14	-0.733	0.257		0.14	-0.75709	0.27326		0.14	-0.738	0.261		0.14	-0.737	0.259		0.14	-0.73685	0.25999		0.14	-0.76214	0.27936		0.14	-0.73201	0.25884		0.14	-0.73674	0.25895		
0.15	-0.739	0.285		0.15	-0.75228	0.28915		0.15	-0.727	0.251		0.15	-0.75274	0.26967		0.15	-0.733	0.257		0.15	-0.732	0.254		0.15	-0.73105	0.25679		0.15	-0.75904	0.27668		0.15	-0.72618	0.25277		0.15	-0.73119	0.25584		
0.16	-0.735	0.28		0.16	-0.74842	0.28574		0.16	-0.722	0.245		0.16	-0.74824	0.26566		0.16	-0.727	0.252		0.16	-0.727	0.249		0.16	-0.72549	0.24962		0.16	-0.75565	0.27408		0.16	-0.7208	0.24649		0.16	-0.72597	0.24878		
0.17	-0.73	0.277		0.17	-0.74457	0.28229		0.17	-0.715	0.24		0.17	-0.74317	0.26182		0.17	-0.722	0.246		0.17	-0.721	0.243		0.17	-0.71985	0.24416		0.17	-0.75226	0.27103		0.17	-0.71416	0.24074		0.17	-0.72009	0.24349		
0.18	-0.724	0.273		0.18	-0.73995	0.27862		0.18	-0.709	0.235		0.18	-0.73738	0.25878		0.18	-0.715	0.241		0.18	-0.714	0.238		0.18	-0.71322	0.23875		0.18	-0.74836	0.26775		0.18	-0.70738	0.23526		0.18	-0.71385	0.23826		
0.19	-0.718	0.267		0.19	-0.7352	0.27459		0.19	-0.701	0.229		0.19	-0.73166	0.25347		0.19	-0.709	0.235		0.19	-0.707	0.232		0.19	-0.70646	0.23321		0.19	-0.74417	0.26401		0.19	-0.69998	0.22941		0.19	-0.70697	0.23284		
0.2	-0.712	0.262		0.2	-0.72972	0.27141		0.2	-0.694	0.223		0.2	-0.72607	0.24738		0.2	-0.701	0.23		0.2	-0.7	0.227		0.2	-0.69911	0.22735		0.2	-0.7395	0.26078		0.2	-0.69252	0.22356		0.2	-0.69987	0.2272		
0.21	-0.706	0.256		0.21	-0.7238	0.2676		0.21	-0.686	0.217		0.21	-0.71937	0.24158		0.21	-0.694	0.224		0.21	-0.693	0.221		0.21	-0.69165	0.22164		0.21	-0.73384	0.25767		0.21	-0.68459	0.21747		0.21	-0.69219	0.22148		
0.22	-0.699	0.251		0.22	-0.71814	0.26155		0.22	-0.678	0.211		0.22	-0.71255	0.23623		0.22	-0.686	0.218		0.22	-0.685	0.215		0.22	-0.68368	0.21559		0.22	-0.7283	0.25296		0.22	-0.67653	0.21135		0.22	-0.68448	0.21552		
0.23	-0.692	0.245		0.23	-0.7129	0.25573		0.23	-0.67	0.205		0.23	-0.70502	0.2305		0.23	-0.678	0.211		0.23	-0.677	0.208		0.23	-0.67517	0.20917		0.23	-0.72332	0.24654		0.23	-0.66823	0.20504		0.23	-0.67629	0.20938		
0.24	-0.684	0.239		0.24	-0.70627	0.24978		0.24	-0.661	0.198		0.24	-0.69747	0.22466		0.24	-0.67	0.205		0.24	-0.668	0.202		0.24	-0.66664	0.20283		0.24	-0.71694	0.24077		0.24	-0.65881	0.19803		0.24	-0.66795	0.20303		
0.25	-0.677	0.234		0.25	-0.6993	0.24458		0.25	-0.651	0.191		0.25	-0.68945	0.21874		0.25	-0.661	0.198		0.25	-0.659	0.195		0.25	-0.65715	0.19588		0.25	-0.71046	0.23552		0.25	-0.64921	0.19082		0.25	-0.65846	0.19624		
0.26	-0.668	0.227		0.26	-0.69177	0.23849		0.26	-0.642	0.184		0.26	-0.68144	0.21233		0.26	-0.651	0.191		0.26	-0.649	0.188		0.26	-0.64807	0.18951		0.26	-0.70386	0.23026		0.26	-0.63934	0.18379		0.26	-0.64966	0.1898		
0.27	-0.66	0.221		0.27	-0.68399	0.23225		0.27	-0.632	0.177		0.27	-0.67285	0.20591		0.27	-0.642	0.184		0.27	-0.639	0.182		0.27	-0.6382	0.18247		0.27	-0.69655	0.22459		0.27	-0.62966	0.17701		0.27	-0.63969	0.18279		
0.28	-0.65	0.214		0.28	-0.6761	0.22624		0.28	-0.621	0.17		0.28	-0.66345	0.19889		0.28	-0.632	0.177		0.28	-0.629	0.174		0.28	-0.62777	0.17524		0.28	-0.68895	0.21858		0.28	-0.61924	0.16963		0.28	-0.62944	0.17544		
0.29	-0.641	0.207		0.29	-0.66794	0.21985		0.29	-0.61	0.162		0.29	-0.6538	0.19176		0.29	-0.621	0.17		0.29	-0.619	0.167		0.29	-0.61713	0.16791		0.29	-0.6812	0.21267		0.29	-0.60801	0.16252		0.29	-0.619	0.16832		
0.3	-0.632	0.2		0.3	-0.65939	0.2136		0.3	-0.599	0.155		0.3	-0.644	0.18469		0.3	-0.61	0.162		0.3	-0.607	0.16		0.3	-0.60599	0.1606		0.3	-0.67288	0.2063		0.3	-0.59673	0.15539		0.3	-0.60818	0.16105		
0.31	-0.621	0.193		0.31	-0.64995	0.20655		0.31	-0.587	0.148		0.31	-0.63411	0.17779		0.31	-0.599	0.155		0.31	-0.596	0.152		0.31	-0.59474	0.15341		0.31	-0.66435	0.19995		0.31	-0.58506	0.1479		0.31	-0.59688	0.15359		
0.32	-0.611	0.186		0.32	-0.64013	0.19941		0.32	-0.575	0.14		0.32	-0.62365	0.17036		0.32	-0.587	0.147		0.32	-0.585	0.145		0.32	-0.5831	0.14585		0.32	-0.65489	0.19301		0.32	-0.5729	0.14082		0.32	-0.58548	0.14641		
0.33	-0.6	0.178		0.33	-0.6301	0.19225		0.33	-0.563	0.133		0.33	-0.61236	0.16306		0.33	-0.575	0.139		0.33	-0.573	0.138		0.33	-0.57089	0.13867		0.33	-0.64591	0.18664		0.33	-0.56077	0.13355		0.33	-0.57345	0.13901		
0.34	-0.588	0.171		0.34	-0.62027	0.18539		0.34	-0.551	0.126		0.34	-0.60106	0.15579		0.34	-0.562	0.132		0.34	-0.56	0.13		0.34	-0.55831	0.13082		0.34	-0.63618	0.17972		0.34	-0.54841	0.12738		0.34	-0.56129	0.13168		
0.35	-0.577	0.163		0.35	-0.60958	0.17806		0.35	-0.536	0.117		0.35	-0.58901	0.14795		0.35	-0.55	0.126		0.35	-0.547	0.125		0.35	-0.54636	0.12517		0.35	-0.62579	0.17242		0.35	-0.53366	0.118		0.35	-0.54904	0.12563		
0.36	-0.565	0.156		0.36	-0.5986	0.1709		0.36	-0.524	0.11		0.36	-0.57693	0.14046		0.36	-0.535	0.117		0.36	-0.533	0.114		0.36	-0.5317	0.11558		0.36	-0.61516	0.16507		0.36	-0.52085	0.11054		0.36	-0.53462	0.11637		
0.37	-0.553	0.148		0.37	-0.58657	0.16284		0.37	-0.51	0.102		0.37	-0.56474	0.13275		0.37	-0.523	0.109		0.37	-0.52	0.107		0.37	-0.51862	0.108		0.37	-0.60391	0.15779		0.37	-0.50653	0.10325		0.37	-0.52168	0.10875		
0.38	-0.54	0.141		0.38	-0.57478	0.15543		0.38	-0.495	0.09505		0.38	-0.55227	0.12661		0.38	-0.508	0.101		0.38	-0.506	0.09973		0.38	-0.50444	0.1008		0.38	-0.59275	0.15057		0.38	-0.4922	0.09607		0.38	-0.50737	0.10127		
0.39	-0.526	0.132		0.39	-0.56278	0.14797		0.39	-0.481	0.08796		0.39	-0.53714	0.11732		0.39	-0.494	0.09417		0.39	-0.491	0.09235		0.39	-0.49008	0.09362		0.39	-0.58102	0.1431		0.39	-0.47701	0.08907		0.39	-0.49319	0.09439		
0.4	-0.513	0.124		0.4	-0.5507	0.14048		0.4	-0.465	0.08109		0.4	-0.52466	0.10947		0.4	-0.479	0.08698		0.4	-0.476	0.08551		0.4	-0.47493	0.08682		0.4	-0.56902	0.1359		0.4	-0.46191	0.08266		0.4	-0.47846	0.08711		
0.41	-0.498	0.117		0.41	-0.53819	0.13473		0.41	-0.449	0.07477		0.41	-0.51031	0.10199		0.41	-0.464	0.07995		0.41	-0.461	0.07903		0.41	-0.45986	0.08028		0.41	-0.55577	0.12759		0.41	-0.44592	0.07678		0.41	-0.46338	0.0809		
0.42	-0.484	0.11		0.42	-0.52326	0.12446		0.42	-0.433	0.06947		0.42	-0.49556	0.09473		0.42	-0.448	0.07379		0.42	-0.445	0.07318		0.42	-0.44366	0.0746		0.42	-0.543	0.12345		0.42	-0.42969	0.07173		0.42	-0.44758	0.07486		
0.43	-0.469	0.103		0.43	-0.50952	0.11668		0.43	-0.416	0.06489		0.43	-0.48054	0.08775		0.43	-0.432	0.06868		0.43	-0.428	0.06799		0.43	-0.42754	0.06955		0.43	-0.52998	0.11263		0.43	-0.4127	0.06746		0.43	-0.43152	0.06991		
0.44	-0.454	0.09633		0.44	-0.49524	0.10907		0.44	-0.399	0.06154		0.44	-0.46498	0.08077		0.44	-0.415	0.06394		0.44	-0.411	0.06385		0.44	-0.41083	0.06557		0.44	-0.51649	0.10522		0.44	-0.39608	0.06457		0.44	-0.41488	0.06541		
0.45	-0.438	0.09028		0.45	-0.48069	0.1017		0.45	-0.382	0.05924		0.45	-0.449	0.07458		0.45	-0.398	0.06086		0.45	-0.395	0.06111		0.45	-0.39389	0.06271		0.45	-0.50187	0.09778		0.45	-0.37827	0.0626		0.45	-0.39816	0.06248		
0.46	-0.421	0.08469		0.46	-0.46556	0.0945		0.46	-0.364	0.06079		0.46	-0.43261	0.06939		0.46	-0.38	0.05891		0.46	-0.377	0.05925		0.46	-0.37618	0.06109		0.46	-0.48741	0.09019		0.46	-0.361	0.06352		0.46	-0.38016	0.06048		
0.47	-0.405	0.08069		0.47	-0.45008	0.08798		0.47	-0.348	0.05997		0.47	-0.41567	0.0649		0.47	-0.363	0.06037		0.47	-0.359	0.06006		0.47	-0.35917	0.06234		0.47	-0.47291	0.08351		0.47	-0.34381	0.06367		0.47	-0.36356	0.06158		
0.48	-0.388	0.07738		0.48	-0.43403	0.08213		0.48	-0.33	0.06234		0.48	-0.39878	0.06164		0.48	-0.346	0.0594		0.48	-0.342	0.06015		0.48	-0.34182	0.06259		0.48	-0.45724	0.07684		0.48	-0.32616	0.06657		0.48	-0.34664	0.06162		
0.49	-0.37	0.07513		0.49	-0.4178	0.07714		0.49	-0.314	0.0659		0.49	-0.38086	0.05943		0.49	-0.328	0.0618		0.49	-0.325	0.06294		0.49	-0.32438	0.06537		0.49	-0.44117	0.07091		0.49	-0.30986	0.07062		0.49	-0.32902	0.06418		
0.5	-0.353	0.07517		0.5	-0.40026	0.0725		0.5	-0.297	0.07075		0.5	-0.36325	0.0608		0.5	-0.311	0.06519		0.5	-0.308	0.06678		0.5	-0.30824	0.06907		0.5	-0.4247	0.06578		0.5	-0.2935	0.07553		0.5	-0.31326	0.06772		
0.51	-0.336	0.07526		0.51	-0.38333	0.06973		0.51	-0.282	0.076		0.51	-0.34642	0.0601		0.51	-0.295	0.06986		0.51	-0.292	0.07157		0.51	-0.29218	0.07382		0.51	-0.4082	0.06208		0.51	-0.27792	0.08147		0.51	-0.29757	0.07183		
0.52	-0.318	0.07773		0.52	-0.36546	0.06795		0.52	-0.267	0.08205		0.52	-0.32913	0.06258		0.52	-0.279	0.07538		0.52	-0.277	0.07715		0.52	-0.27707	0.07942		0.52	-0.39157	0.05933		0.52	-0.26294	0.08763		0.52	-0.28181	0.07717		
0.53	-0.301	0.08126		0.53	-0.34735	0.06912		0.53	-0.252	0.08882		0.53	-0.31238	0.06625		0.53	-0.264	0.08112		0.53	-0.262	0.0832		0.53	-0.26288	0.08536		0.53	-0.37386	0.05787		0.53	-0.24877	0.09416		0.53	-0.26668	0.08331		
0.54	-0.285	0.0858		0.54	-0.33036	0.06889		0.54	-0.238	0.09561		0.54	-0.29595	0.07091		0.54	-0.249	0.08784		0.54	-0.247	0.09005		0.54	-0.24851	0.09163		0.54	-0.35632	0.0591		0.54	-0.23485	0.10089		0.54	-0.25223	0.08949		
0.55	-0.269	0.09132		0.55	-0.31329	0.07174		0.55	-0.225	0.103		0.55	-0.28035	0.07665		0.55	-0.235	0.09471		0.55	-0.234	0.09678		0.55	-0.23445	0.09874		0.55	-0.3394	0.05956		0.55	-0.22194	0.10752		0.55	-0.23857	0.09611		
0.56	-0.254	0.09751		0.56	-0.29662	0.07574		0.56	-0.212	0.11		0.56	-0.2652	0.08309		0.56	-0.221	0.102		0.56	-0.22	0.104		0.56	-0.22091	0.10564		0.56	-0.32254	0.06243		0.56	-0.2094	0.11417		0.56	-0.22492	0.10289		
0.57	-0.24	0.104		0.57	-0.28026	0.0808		0.57	-0.198	0.117		0.57	-0.25011	0.08977		0.57	-0.208	0.109		0.57	-0.207	0.111		0.57	-0.20854	0.11229		0.57	-0.30574	0.06662		0.57	-0.19613	0.12116		0.57	-0.21174	0.10996		
0.58	-0.225	0.111		0.58	-0.26443	0.0867		0.58	-0.187	0.125		0.58	-0.23634	0.09669		0.58	-0.195	0.116		0.58	-0.194	0.118		0.58	-0.19539	0.1194		0.58	-0.29	0.07163		0.58	-0.18446	0.12993		0.58	-0.19845	0.11713		
0.59	-0.212	0.118		0.59	-0.24971	0.09301		0.59	-0.174	0.132		0.59	-0.22291	0.1038		0.59	-0.184	0.124		0.59	-0.183	0.128		0.59	-0.18424	0.12778		0.59	-0.27507	0.07701		0.59	-0.17208	0.13519		0.59	-0.18793	0.12444		
0.6	-0.199	0.125		0.6	-0.23548	0.09963		0.6	-0.163	0.138		0.6	-0.20989	0.11104		0.6	-0.17	0.131		0.6	-0.171	0.132		0.6	-0.17138	0.13345		0.6	-0.25966	0.08365		0.6	-0.16024	0.14176		0.6	-0.17441	0.1316		
0.61	-0.186	0.133		0.61	-0.22101	0.1067		0.61	-0.152	0.145		0.61	-0.19653	0.11838		0.61	-0.158	0.137		0.61	-0.159	0.139		0.61	-0.15987	0.13997		0.61	-0.24545	0.09041		0.61	-0.14902	0.14848		0.61	-0.16264	0.13734		
0.62	-0.175	0.141		0.62	-0.20742	0.11398		0.62	-0.141	0.151		0.62	-0.18544	0.1268		0.62	-0.147	0.144		0.62	-0.148	0.146		0.62	-0.1487	0.14648		0.62	-0.23155	0.09722		0.62	-0.13798	0.15466		0.62	-0.1514	0.14441		
0.63	-0.161	0.146		0.63	-0.1945	0.12118		0.63	-0.131	0.158		0.63	-0.1724	0.13266		0.63	-0.136	0.15		0.63	-0.137	0.153		0.63	-0.13793	0.15283		0.63	-0.2183	0.10443		0.63	-0.12724	0.16065		0.63	-0.14032	0.15084		
0.64	-0.149	0.154		0.64	-0.18166	0.12822		0.64	-0.121	0.163		0.64	-0.1609	0.13946		0.64	-0.125	0.156		0.64	-0.126	0.159		0.64	-0.12737	0.15923		0.64	-0.20533	0.11164		0.64	-0.1166	0.16659		0.64	-0.12975	0.15708		
0.65	-0.138	0.16		0.65	-0.16994	0.13795		0.65	-0.111	0.168		0.65	-0.14935	0.14644		0.65	-0.115	0.163		0.65	-0.116	0.165		0.65	-0.11679	0.16501		0.65	-0.19266	0.11857		0.65	-0.10664	0.17156		0.65	-0.11953	0.16264		
0.66	-0.127	0.167		0.66	-0.15733	0.14241		0.66	-0.102	0.173		0.66	-0.13797	0.15311		0.66	-0.104	0.168		0.66	-0.106	0.17		0.66	-0.10686	0.17036		0.66	-0.18114	0.12845		0.66	-0.09678	0.17664		0.66	-0.10922	0.1682		
0.67	-0.116	0.173		0.67	-0.14539	0.14943		0.67	-0.09213	0.178		0.67	-0.12717	0.15973		0.67	-0.09379	0.174		0.67	-0.09606	0.175		0.67	-0.09709	0.17533		0.67	-0.16899	0.13268		0.67	-0.0868	0.18109		0.67	-0.09939	0.17336		
0.68	-0.105	0.179		0.68	-0.1342	0.15622		0.68	-0.08232	0.183		0.68	-0.11695	0.16567		0.68	-0.08396	0.178		0.68	-0.08616	0.18		0.68	-0.08723	0.18004		0.68	-0.15733	0.13954		0.68	-0.0769	0.18582		0.68	-0.08972	0.17791		
0.69	-0.09534	0.184		0.69	-0.12339	0.16263		0.69	-0.07288	0.187		0.69	-0.10709	0.17099		0.69	-0.07419	0.183		0.69	-0.07606	0.185		0.69	-0.07743	0.18468		0.69	-0.14656	0.1462		0.69	-0.06766	0.18978		0.69	-0.08069	0.18244		
0.7	-0.08494	0.19		0.7	-0.11266	0.16896		0.7	-0.06383	0.19		0.7	-0.09671	0.1767		0.7	-0.06475	0.187		0.7	-0.06687	0.189		0.7	-0.06799	0.18857		0.7	-0.13558	0.15282		0.7	-0.05842	0.19328		0.7	-0.0717	0.18635		
0.71	-0.07461	0.195		0.71	-0.10202	0.17475		0.71	-0.05454	0.194		0.71	-0.08673	0.18168		0.71	-0.05543	0.191		0.71	-0.0576	0.193		0.71	-0.05844	0.19219		0.71	-0.12511	0.159		0.71	-0.04965	0.19667		0.71	-0.06265	0.18991		
0.72	-0.06477	0.2		0.72	-0.09171	0.18071		0.72	-0.04573	0.197		0.72	-0.07689	0.18631		0.72	-0.04601	0.194		0.72	-0.04833	0.196		0.72	-0.04962	0.19566		0.72	-0.11518	0.16499		0.72	-0.04105	0.1993		0.72	-0.05337	0.19358		
0.73	-0.05514	0.204		0.73	-0.08193	0.18572		0.73	-0.03645	0.2		0.73	-0.06726	0.19034		0.73	-0.03712	0.197		0.73	-0.03938	0.199		0.73	-0.04113	0.19833		0.73	-0.10549	0.17011		0.73	-0.0324	0.20168		0.73	-0.04456	0.19636		
0.74	-0.04556	0.207		0.74	-0.07217	0.19057		0.74	-0.02752	0.202		0.74	-0.05781	0.19405		0.74	-0.02816	0.199		0.74	-0.03065	0.201		0.74	-0.03243	0.20078		0.74	-0.09583	0.17521		0.74	-0.02341	0.20396		0.74	-0.03576	0.19923		
0.75	-0.03601	0.211		0.75	-0.06228	0.19497		0.75	-0.01874	0.204		0.75	-0.04857	0.19739		0.75	-0.01909	0.201		0.75	-0.02122	0.203		0.75	-0.02358	0.20301		0.75	-0.08624	0.17985		0.75	-0.01453	0.20563		0.75	-0.02734	0.20124		
0.76	-0.02717	0.214		0.76	-0.05267	0.19912		0.76	-0.00951	0.206		0.76	-0.0394	0.20019		0.76	-0.0097	0.204		0.76	-0.0124	0.205		0.76	-0.01477	0.20487		0.76	-0.07666	0.18432		0.76	-0.00631	0.20683		0.76	-0.01845	0.20337		
0.77	-0.01808	0.216		0.77	-0.04303	0.20281		0.77	-0.00116	0.207		0.77	-0.03045	0.20258		0.77	-0.00096	0.205		0.77	-0.00386	0.206		0.77	-0.00675	0.20643		0.77	-0.0679	0.18797		0.77	0.00143	0.20767		0.77	-0.01018	0.20479		
0.78	-0.00911	0.218		0.78	-0.03343	0.20623		0.78	0.00627	0.208		0.78	-0.02094	0.20487		0.78	0.00714	0.206		0.78	0.0041	0.207		0.78	0.0011	0.20742		0.78	-0.05887	0.19166		0.78	0.00893	0.20873		0.78	-0.00196	0.20588		
0.79	-0.00039	0.22		0.79	-0.02461	0.20886		0.79	0.01543	0.209		0.79	-0.01185	0.2064		0.79	0.01689	0.207		0.79	0.01285	0.208		0.79	0.00817	0.20876		0.79	-0.04989	0.19457		0.79	0.01848	0.20913		0.79	0.00587	0.20718		
0.8	0.00828	0.221		0.8	-0.01568	0.21124		0.8	0.02514	0.208		0.8	-0.00319	0.20781		0.8	0.02675	0.207		0.8	0.02318	0.208		0.8	0.01794	0.20913		0.8	-0.04062	0.19771		0.8	0.02668	0.20827		0.8	0.01551	0.20744		
0.81	0.01618	0.222		0.81	-0.00634	0.21347		0.81	0.03335	0.207		0.81	0.00488	0.20893		0.81	0.03469	0.205		0.81	0.03124	0.207		0.81	0.02647	0.20816		0.81	-0.03162	0.20012		0.81	0.03511	0.20765		0.81	0.02432	0.20684		
0.82	0.03555	0.223		0.82	0.00249	0.215		0.82	0.04203	0.206		0.83	0.02422	0.20915		0.82	0.04343	0.204		0.82	0.04005	0.206		0.82	0.03446	0.20753		0.82	-0.02262	0.20215		0.82	0.04348	0.20637		0.82	0.03249	0.20586		
0.83	0.04395	0.222		0.83	0.0116	0.21627		0.83	0.05066	0.205		0.84	0.03262	0.2078		0.83	0.05239	0.203		0.83	0.04874	0.205		0.83	0.04283	0.20643		0.83	-0.01367	0.20404		0.83	0.05191	0.20502		0.83	0.04091	0.20464		
0.84	0.05273	0.221		0.84	0.01968	0.21748		0.84	0.05962	0.203		0.85	0.04157	0.20659		0.84	0.0613	0.2		0.84	0.05773	0.203		0.84	0.05117	0.20519		0.84	-0.00536	0.20532		0.84	0.06047	0.20283		0.84	0.04917	0.20324		
0.85	0.06146	0.219		0.85	0.02984	0.21767		0.85	0.06816	0.2		0.86	0.05071	0.20494		0.85	0.07036	0.198		0.85	0.06655	0.2		0.85	0.05956	0.20302		0.85	0.00285	0.20631		0.85	0.06881	0.2003		0.85	0.05752	0.20107		
0.86	0.07021	0.217		0.86	0.03888	0.21702		0.86	0.07655	0.198		0.87	0.05964	0.20262		0.86	0.07929	0.195		0.86	0.07517	0.197		0.86	0.06784	0.20066		0.86	0.01096	0.20728		0.86	0.07726	0.19771		0.86	0.06587	0.19857		
0.87	0.07889	0.215		0.87	0.04738	0.21612		0.87	0.08475	0.195		0.88	0.06839	0.20011		0.87	0.08834	0.192		0.87	0.08438	0.194		0.87	0.07598	0.19792		0.87	0.0208	0.20743		0.87	0.08603	0.19429		0.87	0.07429	0.19592		
0.88	0.08737	0.212		0.88	0.05604	0.21492		0.88	0.09352	0.191		0.89	0.07729	0.19725		0.88	0.09737	0.188		0.88	0.09344	0.19		0.88	0.08472	0.19464		0.88	0.02939	0.20649		0.88	0.09461	0.19061		0.88	0.08336	0.19242		
0.89	0.09668	0.209		0.89	0.0652	0.21305		0.89	0.102	0.188		0.9	0.08652	0.19392		0.89	0.107	0.183		0.89	0.102	0.186		0.89	0.0933	0.19095		0.89	0.03793	0.20548		0.89	0.104	0.18603		0.89	0.09221	0.18881		
0.9	0.106	0.205		0.9	0.07408	0.21073		0.9	0.112	0.183		0.91	0.09577	0.18994		0.9	0.117	0.178		0.9	0.112	0.182		0.9	0.10177	0.18712		0.9	0.04649	0.20401		0.9	0.11244	0.18183		0.9	0.10063	0.18492		
0.91	0.115	0.2		0.91	0.08355	0.20798		0.91	0.12	0.178		0.92	0.10566	0.18544		0.91	0.126	0.174		0.91	0.121	0.177		0.91	0.11099	0.18236		0.91	0.05484	0.20244		0.91	0.12125	0.17727		0.91	0.10999	0.18027		
0.92	0.125	0.195		0.92	0.09245	0.20497		0.92	0.129	0.173		0.93	0.11536	0.18056		0.92	0.135	0.168		0.92	0.131	0.171		0.92	0.11992	0.17769		0.92	0.06347	0.20022		0.92	0.13029	0.17219		0.92	0.11905	0.17555		
0.93	0.134	0.19		0.93	0.10165	0.20127		0.93	0.138	0.168		0.94	0.12455	0.17568		0.93	0.145	0.162		0.93	0.14	0.166		0.93	0.12881	0.17245		0.93	0.07198	0.1977		0.93	0.1403	0.16644		0.93	0.12807	0.17033		
0.94	0.143	0.185		0.94	0.11068	0.19757		0.94	0.148	0.162		0.95	0.13479	0.16968		0.94	0.155	0.156		0.94	0.15	0.16		0.94	0.13861	0.16667		0.94	0.08097	0.19429		0.94	0.15004	0.16039		0.94	0.13794	0.16452		
0.95	0.153	0.179		0.95	0.12028	0.19295		0.95	0.158	0.156		0.96	0.14484	0.16369		0.95	0.164	0.15		0.95	0.16	0.154		0.95	0.14749	0.1616		0.95	0.08994	0.19072		0.95	0.1595	0.15446		0.95	0.14794	0.15859		
0.96	0.163	0.173		0.96	0.12992	0.18803		0.96	0.166	0.151		0.97	0.15531	0.15727		0.96	0.176	0.143		0.96	0.17	0.148		0.96	0.15718	0.15568		0.96	0.09895	0.18676		0.96	0.16767	0.14891		0.96	0.15649	0.15335		
0.97	0.171	0.168		0.97	0.14013	0.18247		0.97	0.177	0.144		0.98	0.1647	0.15148		0.97	0.186	0.136		0.97	0.18	0.14		0.97	0.16614	0.15026		0.97	0.1086	0.18209		0.97	0.18012	0.14053		0.97	0.16565	0.14726		
0.98	-0.388	0.07738		0.98	0.14941	0.1769		0.98	0.187	0.137		0.99	0.17596	0.14453		0.98	0.197	0.13		0.98	0.191	0.134		0.98	0.17815	0.14132		0.98	0.11798	0.17748		0.98	0.19162	0.13405		0.98	0.17662	0.13978		
