0.00000	-0.86840	0.37189		0.00000	-0.86654	0.37181		0.02000	-0.85571	0.35755		0.00000	-0.86324	0.36539		0.00000	-0.86620	0.36992		0.00000	-0.86634	0.36800		0.00000	-0.86634	0.36800		0.01000	-0.85879	0.36212		0.02000	-0.86415	0.36568		0.02000	-0.86197	0.36557		
0.01000	-0.86811	0.37161		0.01000	-0.86646	0.37202		0.03000	-0.85332	0.35520		0.01000	-0.86238	0.36527		0.01000	-0.86488	0.36884		0.01000	-0.86567	0.36762		0.01000	-0.86567	0.36762		0.02000	-0.85585	0.35957		0.03000	-0.86415	0.36569		0.03000	-0.86198	0.36561		
0.02000	-0.86771	0.37146		0.02000	-0.86616	0.37232		0.04000	-0.85057	0.35268		0.02000	-0.86149	0.36481		0.02000	-0.86344	0.36749		0.02000	-0.86431	0.36674		0.02000	-0.86431	0.36674		0.03000	-0.85258	0.35636		0.04000	-0.86404	0.36563		0.04000	-0.86196	0.36563		
0.03000	-0.86621	0.37084		0.03000	-0.86582	0.37239		0.05000	-0.84718	0.34993		0.03000	-0.85981	0.36315		0.03000	-0.86141	0.36523		0.03000	-0.86268	0.36516		0.03000	-0.86268	0.36516		0.04000	-0.84900	0.35314		0.05000	-0.86313	0.36506		0.05000	-0.86176	0.36563		
0.04000	-0.86204	0.36653		0.04000	-0.86511	0.37237		0.06000	-0.84364	0.34658		0.04000	-0.85815	0.36099		0.04000	-0.85893	0.36290		0.04000	-0.86055	0.36337		0.04000	-0.86055	0.36337		0.05000	-0.84516	0.34975		0.06000	-0.86215	0.36424		0.06000	-0.86109	0.36519		
0.05000	-0.85724	0.36292		0.05000	-0.86364	0.37085		0.07000	-0.83987	0.34299		0.05000	-0.85616	0.35904		0.05000	-0.85629	0.36031		0.05000	-0.85806	0.36116		0.05000	-0.85806	0.36116		0.06000	-0.84074	0.34586		0.07000	-0.86077	0.36292		0.07000	-0.85967	0.36448		
0.06000	-0.85430	0.36082		0.06000	-0.86111	0.36864		0.08000	-0.83545	0.33925		0.06000	-0.85354	0.35657		0.06000	-0.85309	0.35743		0.06000	-0.85542	0.35869		0.06000	-0.85542	0.35869		0.07000	-0.83602	0.34165		0.08000	-0.85920	0.36151		0.08000	-0.85831	0.36330		
0.07000	-0.85061	0.35766		0.07000	-0.85862	0.36587		0.09000	-0.83099	0.33505		0.07000	-0.85069	0.35406		0.07000	-0.84946	0.35418		0.07000	-0.85243	0.35588		0.07000	-0.85243	0.35588		0.08000	-0.83099	0.33746		0.09000	-0.85690	0.35958		0.09000	-0.85659	0.36198		
0.08000	-0.84644	0.35354		0.08000	-0.85584	0.36273		0.10000	-0.82625	0.33077		0.08000	-0.84747	0.35099		0.08000	-0.84558	0.35064		0.08000	-0.84903	0.35279		0.08000	-0.84903	0.35279		0.09000	-0.82586	0.33289		0.10000	-0.85449	0.35719		0.10000	-0.85461	0.35972		
0.09000	-0.84239	0.35002		0.09000	-0.85197	0.35990		0.11000	-0.82077	0.32610		0.09000	-0.84398	0.34808		0.09000	-0.84129	0.34681		0.09000	-0.84558	0.34927		0.09000	-0.84558	0.34927		0.10000	-0.82012	0.32797		0.11000	-0.85172	0.35460		0.11000	-0.85225	0.35731		
0.10000	-0.83807	0.34636		0.10000	-0.84852	0.35691		0.12000	-0.81515	0.32109		0.10000	-0.84029	0.34456		0.10000	-0.83682	0.34295		0.10000	-0.84151	0.34585		0.10000	-0.84151	0.34585		0.11000	-0.81419	0.32283		0.12000	-0.84842	0.35168		0.12000	-0.84953	0.35475		
0.11000	-0.83375	0.34229		0.11000	-0.84490	0.35350		0.13000	-0.80912	0.31601		0.11000	-0.83620	0.34089		0.11000	-0.83191	0.33845		0.11000	-0.83723	0.34193		0.11000	-0.83723	0.34193		0.12000	-0.80764	0.31722		0.13000	-0.84480	0.34856		0.13000	-0.84638	0.35184		
0.12000	-0.82882	0.33795		0.12000	-0.84095	0.34972		0.14000	-0.80282	0.31016		0.12000	-0.83177	0.33697		0.12000	-0.82650	0.33365		0.12000	-0.83240	0.33775		0.12000	-0.83240	0.33775		0.13000	-0.80070	0.31119		0.14000	-0.84095	0.34500		0.14000	-0.84271	0.34861		
0.13000	-0.82345	0.33320		0.13000	-0.83643	0.34587		0.15000	-0.79608	0.30430		0.13000	-0.82703	0.33260		0.13000	-0.82091	0.32884		0.13000	-0.82735	0.33333		0.13000	-0.82735	0.33333		0.14000	-0.79346	0.30494		0.15000	-0.83658	0.34123		0.15000	-0.83887	0.34516		
0.14000	-0.81786	0.32807		0.14000	-0.83202	0.34138		0.16000	-0.78883	0.29817		0.14000	-0.82188	0.32793		0.14000	-0.81519	0.32373		0.14000	-0.82237	0.32878		0.14000	-0.82237	0.32878		0.15000	-0.78583	0.29872		0.16000	-0.83213	0.33728		0.16000	-0.83470	0.34158		
0.15000	-0.81201	0.32277		0.15000	-0.82698	0.33678		0.17000	-0.78148	0.29186		0.15000	-0.81622	0.32303		0.15000	-0.80878	0.31832		0.15000	-0.81643	0.32361		0.15000	-0.81643	0.32361		0.16000	-0.77837	0.29217		0.17000	-0.82734	0.33284		0.17000	-0.83042	0.33745		
0.16000	-0.80559	0.31718		0.16000	-0.82165	0.33203		0.18000	-0.77369	0.28506		0.16000	-0.81019	0.31778		0.16000	-0.80229	0.31232		0.16000	-0.81046	0.31828		0.16000	-0.81046	0.31828		0.17000	-0.77007	0.28535		0.18000	-0.82198	0.32805		0.18000	-0.82551	0.33293		
0.17000	-0.79866	0.31115		0.17000	-0.81581	0.32698		0.19000	-0.76545	0.27823		0.17000	-0.80372	0.31215		0.17000	-0.79547	0.30673		0.17000	-0.80380	0.31235		0.17000	-0.80380	0.31235		0.18000	-0.76144	0.27819		0.19000	-0.81640	0.32318		0.19000	-0.82028	0.32834		
0.18000	-0.79168	0.30506		0.18000	-0.80990	0.32200		0.20000	-0.75693	0.27109		0.18000	-0.79727	0.30651		0.18000	-0.78820	0.30056		0.18000	-0.79682	0.30658		0.18000	-0.79682	0.30658		0.19000	-0.75273	0.27100		0.20000	-0.81057	0.31806		0.20000	-0.81467	0.32325		
0.19000	-0.78427	0.29878		0.19000	-0.80329	0.31655		0.21000	-0.74809	0.26387		0.19000	-0.79065	0.30060		0.19000	-0.78010	0.29357		0.19000	-0.78968	0.30021		0.19000	-0.78968	0.30021		0.20000	-0.74337	0.26374		0.21000	-0.80430	0.31230		0.21000	-0.80875	0.31814		
0.20000	-0.77645	0.29205		0.20000	-0.79675	0.31103		0.22000	-0.73775	0.25786		0.20000	-0.78315	0.29442		0.20000	-0.77167	0.28668		0.20000	-0.78233	0.29375		0.20000	-0.78233	0.29375		0.21000	-0.73290	0.25751		0.22000	-0.79723	0.30628		0.22000	-0.80247	0.31252		
0.21000	-0.76833	0.28512		0.21000	-0.78967	0.30485		0.23000	-0.72813	0.24828		0.21000	-0.77555	0.28787		0.21000	-0.76309	0.27937		0.21000	-0.77411	0.28684		0.21000	-0.77411	0.28684		0.22000	-0.72394	0.24659		0.23000	-0.79010	0.30007		0.23000	-0.79617	0.30710		
0.22000	-0.75962	0.27804		0.22000	-0.78216	0.29847		0.24000	-0.71874	0.23954		0.22000	-0.76755	0.28116		0.22000	-0.75483	0.27226		0.22000	-0.76569	0.27996		0.22000	-0.76569	0.27996		0.23000	-0.71371	0.23833		0.24000	-0.78267	0.29380		0.24000	-0.78914	0.30115		
0.23000	-0.75090	0.27099		0.23000	-0.77420	0.29144		0.25000	-0.70837	0.23131		0.23000	-0.75863	0.27410		0.23000	-0.74503	0.26599		0.23000	-0.75757	0.27295		0.23000	-0.75757	0.27295		0.24000	-0.70271	0.22964		0.25000	-0.77513	0.28749		0.25000	-0.78187	0.29498		
0.24000	-0.74235	0.26479		0.24000	-0.76584	0.28452		0.26000	-0.69719	0.22254		0.24000	-0.74998	0.26691		0.24000	-0.73498	0.25708		0.24000	-0.74869	0.26584		0.24000	-0.74869	0.26584		0.25000	-0.69146	0.22098		0.26000	-0.76668	0.28049		0.26000	-0.77383	0.28813		
0.25000	-0.73127	0.25639		0.25000	-0.75698	0.27735		0.27000	-0.68613	0.21402		0.25000	-0.74046	0.26071		0.25000	-0.72557	0.24786		0.25000	-0.73816	0.25957		0.25000	-0.73816	0.25957		0.26000	-0.67983	0.21225		0.27000	-0.75814	0.27336		0.27000	-0.76604	0.28154		
0.26000	-0.72219	0.24631		0.26000	-0.74822	0.27071		0.28000	-0.67448	0.20523		0.26000	-0.72971	0.25378		0.26000	-0.71574	0.23974		0.26000	-0.72888	0.24956		0.26000	-0.72888	0.24956		0.27000	-0.66766	0.20307		0.28000	-0.74945	0.26623		0.28000	-0.75747	0.27449		
0.27000	-0.71177	0.23789		0.27000	-0.73955	0.26372		0.29000	-0.66235	0.19639		0.27000	-0.72117	0.24297		0.27000	-0.70476	0.23137		0.27000	-0.71882	0.24063		0.27000	-0.71882	0.24063		0.28000	-0.65551	0.19406		0.29000	-0.73927	0.26023		0.29000	-0.74899	0.26727		
0.28000	-0.70082	0.22939		0.28000	-0.72911	0.25713		0.30000	-0.64987	0.18731		0.28000	-0.71110	0.23487		0.28000	-0.69375	0.22298		0.28000	-0.70849	0.23275		0.28000	-0.70849	0.23275		0.29000	-0.64232	0.18443		0.30000	-0.72935	0.24988		0.30000	-0.73979	0.26066		
0.29000	-0.68989	0.22102		0.29000	-0.71985	0.24604		0.31000	-0.63676	0.17790		0.29000	-0.70019	0.22631		0.29000	-0.68215	0.21413		0.29000	-0.69738	0.22439		0.29000	-0.69738	0.22439		0.30000	-0.62881	0.17492		0.31000	-0.71980	0.24135		0.31000	-0.72947	0.25254		
0.30000	-0.67833	0.21223		0.30000	-0.70947	0.23798		0.32000	-0.62338	0.16886		0.30000	-0.68877	0.21807		0.30000	-0.66985	0.20494		0.30000	-0.68557	0.21549		0.30000	-0.68557	0.21549		0.31000	-0.61538	0.16597		0.32000	-0.70941	0.23320		0.32000	-0.72032	0.24307		
0.31000	-0.66612	0.20287		0.31000	-0.69860	0.22940		0.33000	-0.60960	0.15966		0.31000	-0.67735	0.20945		0.31000	-0.65749	0.19627		0.31000	-0.67383	0.20655		0.31000	-0.67383	0.20655		0.32000	-0.60098	0.15642		0.33000	-0.69841	0.22455		0.33000	-0.71002	0.23494		
0.32000	-0.65389	0.19395		0.32000	-0.68713	0.22016		0.34000	-0.59549	0.15043		0.32000	-0.66520	0.20042		0.32000	-0.64431	0.18680		0.32000	-0.66188	0.19808		0.32000	-0.66188	0.19808		0.33000	-0.58613	0.14694		0.34000	-0.68713	0.21610		0.34000	-0.69912	0.22625		
0.33000	-0.64056	0.18465		0.33000	-0.67532	0.21151		0.35000	-0.58069	0.14101		0.33000	-0.65292	0.19142		0.33000	-0.63172	0.17808		0.33000	-0.64909	0.18862		0.33000	-0.64909	0.18862		0.34000	-0.57149	0.13800		0.35000	-0.67542	0.20730		0.35000	-0.68808	0.21778		
0.34000	-0.62720	0.17519		0.34000	-0.66341	0.20259		0.36000	-0.56591	0.13227		0.34000	-0.64006	0.18166		0.34000	-0.61756	0.16849		0.34000	-0.63643	0.17977		0.34000	-0.63643	0.17977		0.35000	-0.55609	0.12851		0.36000	-0.66341	0.19852		0.36000	-0.67638	0.20903		
0.35000	-0.61386	0.16604		0.35000	-0.65078	0.19370		0.37000	-0.55095	0.12483		0.35000	-0.62704	0.17298		0.35000	-0.60303	0.15899		0.35000	-0.62252	0.17012		0.35000	-0.62252	0.17012		0.36000	-0.53958	0.12009		0.37000	-0.65078	0.18957		0.37000	-0.66488	0.20046		
0.36000	-0.59925	0.15660		0.36000	-0.63837	0.18432		0.38000	-0.53422	0.11377		0.36000	-0.61315	0.16349		0.36000	-0.58884	0.15005		0.36000	-0.60896	0.16140		0.36000	-0.60896	0.16140		0.37000	-0.52401	0.11003		0.38000	-0.63802	0.18031		0.38000	-0.65200	0.19099		
0.37000	-0.58447	0.14720		0.37000	-0.62483	0.17497		0.39000	-0.51791	0.10460		0.37000	-0.59893	0.15424		0.37000	-0.57368	0.14106		0.37000	-0.59456	0.15191		0.37000	-0.59456	0.15191		0.38000	-0.50705	0.10118		0.39000	-0.62429	0.17085		0.39000	-0.63958	0.18225		
0.38000	-0.57000	0.13843		0.38000	-0.61074	0.16574		0.40000	-0.50120	0.09610		0.38000	-0.58461	0.14510		0.38000	-0.55910	0.13210		0.38000	-0.57992	0.14281		0.38000	-0.57992	0.14281		0.39000	-0.49005	0.09292		0.40000	-0.61076	0.16211		0.40000	-0.62626	0.17286		
0.39000	-0.55445	0.12891		0.39000	-0.59696	0.15651		0.41000	-0.48418	0.08776		0.39000	-0.56980	0.13631		0.39000	-0.54161	0.12250		0.39000	-0.56477	0.13383		0.39000	-0.56477	0.13383		0.40000	-0.47218	0.08457		0.41000	-0.59625	0.15262		0.41000	-0.61298	0.16398		
0.40000	-0.53723	0.11889		0.40000	-0.58239	0.14706		0.42000	-0.46640	0.07993		0.40000	-0.55462	0.12693		0.40000	-0.52631	0.11311		0.40000	-0.54978	0.12615		0.40000	-0.54978	0.12615		0.41000	-0.45358	0.07726		0.42000	-0.58194	0.14358		0.42000	-0.59856	0.15437		
0.41000	-0.52130	0.10961		0.41000	-0.56759	0.13833		0.43000	-0.44795	0.07286		0.41000	-0.53752	0.11894		0.41000	-0.50955	0.10428		0.41000	-0.53315	0.11540		0.41000	-0.53315	0.11540		0.42000	-0.43491	0.07115		0.43000	-0.56667	0.13464		0.43000	-0.58374	0.14520		
0.42000	-0.50463	0.10076		0.42000	-0.55228	0.12875		0.44000	-0.42897	0.06679		0.42000	-0.52260	0.10862		0.42000	-0.49251	0.09566		0.42000	-0.51632	0.10623		0.42000	-0.51632	0.10623		0.43000	-0.41577	0.06609		0.44000	-0.55220	0.12613		0.44000	-0.56935	0.13617		
0.43000	-0.48747	0.09224		0.43000	-0.53544	0.12047		0.45000	-0.40947	0.06212		0.43000	-0.50600	0.09989		0.43000	-0.47516	0.08821		0.43000	-0.49980	0.09744		0.43000	-0.49980	0.09744		0.44000	-0.39605	0.06260		0.45000	-0.53494	0.11599		0.45000	-0.55395	0.12687		
0.44000	-0.46938	0.08402		0.44000	-0.52050	0.11036		0.46000	-0.38978	0.05936		0.44000	-0.48903	0.09148		0.44000	-0.45715	0.08094		0.44000	-0.48255	0.08927		0.44000	-0.48255	0.08927		0.45000	-0.37581	0.06095		0.46000	-0.51875	0.10650		0.46000	-0.53662	0.11729		
0.45000	-0.45097	0.07677		0.45000	-0.50345	0.10148		0.47000	-0.37038	0.05876		0.45000	-0.47118	0.08343		0.45000	-0.43812	0.07460		0.45000	-0.46488	0.08139		0.45000	-0.46488	0.08139		0.46000	-0.35598	0.06143		0.47000	-0.50198	0.09787		0.47000	-0.52198	0.10817		
0.46000	-0.43230	0.07052		0.46000	-0.48630	0.09328		0.48000	-0.35040	0.05888		0.46000	-0.45316	0.07613		0.46000	-0.41860	0.06993		0.46000	-0.44602	0.07456		0.46000	-0.44602	0.07456		0.47000	-0.33556	0.06319		0.48000	-0.48495	0.08952		0.48000	-0.50524	0.09948		
0.47000	-0.41268	0.06571		0.47000	-0.46882	0.08526		0.49000	-0.33008	0.06165		0.47000	-0.43487	0.06986		0.47000	-0.39908	0.06660		0.47000	-0.42757	0.06918		0.47000	-0.42757	0.06918		0.48000	-0.31618	0.06713		0.49000	-0.46757	0.08166		0.49000	-0.48824	0.09104		
0.48000	-0.39358	0.06249		0.48000	-0.45069	0.07775		0.50000	-0.31145	0.06554		0.48000	-0.41571	0.06471		0.48000	-0.37944	0.06518		0.48000	-0.40803	0.06461		0.48000	-0.40803	0.06461		0.49000	-0.29764	0.07216		0.50000	-0.44895	0.07454		0.50000	-0.47034	0.08272		
0.49000	-0.37320	0.06130		0.49000	-0.43218	0.07162		0.51000	-0.29315	0.07072		0.49000	-0.39614	0.06130		0.49000	-0.35888	0.06560		0.49000	-0.38785	0.06213		0.49000	-0.38785	0.06213		0.50000	-0.27921	0.07840		0.51000	-0.42995	0.06853		0.51000	-0.45204	0.07541		
0.50000	-0.35277	0.06187		0.50000	-0.41318	0.06662		0.52000	-0.27492	0.07734		0.50000	-0.37599	0.05932		0.50000	-0.33881	0.06764		0.50000	-0.36786	0.06292		0.50000	-0.36786	0.06292		0.51000	-0.26186	0.08560		0.52000	-0.41059	0.06399		0.52000	-0.43341	0.06934		
0.51000	-0.33256	0.06416		0.51000	-0.39356	0.06311		0.53000	-0.25799	0.08476		0.51000	-0.35612	0.06000		0.51000	-0.31976	0.07147		0.51000	-0.34838	0.06263		0.51000	-0.34838	0.06263		0.52000	-0.24529	0.09330		0.53000	-0.39103	0.06102		0.53000	-0.41421	0.06427		
0.52000	-0.31369	0.06822		0.52000	-0.37309	0.06128		0.54000	-0.24138	0.09251		0.52000	-0.33583	0.06152		0.52000	-0.30065	0.07704		0.52000	-0.32783	0.06560		0.52000	-0.32783	0.06560		0.53000	-0.22876	0.10146		0.54000	-0.37163	0.05998		0.54000	-0.39464	0.06084		
0.53000	-0.29448	0.07379		0.53000	-0.35380	0.06173		0.55000	-0.22528	0.10077		0.53000	-0.31682	0.06503		0.53000	-0.28282	0.08357		0.53000	-0.30902	0.07010		0.53000	-0.30902	0.07010		0.54000	-0.21321	0.10998		0.55000	-0.35158	0.06018		0.55000	-0.37467	0.05885		
0.54000	-0.27668	0.08024		0.54000	-0.33331	0.06350		0.56000	-0.20968	0.10929		0.54000	-0.29804	0.07011		0.54000	-0.26540	0.09069		0.54000	-0.29100	0.07577		0.54000	-0.29100	0.07577		0.55000	-0.19757	0.11847		0.56000	-0.33109	0.06264		0.56000	-0.35432	0.05965		
0.55000	-0.25931	0.08756		0.55000	-0.31365	0.06751		0.57000	-0.19456	0.11753		0.55000	-0.27979	0.07631		0.55000	-0.24868	0.09855		0.55000	-0.27273	0.08260		0.55000	-0.27273	0.08260		0.56000	-0.18367	0.12791		0.57000	-0.31221	0.06683		0.57000	-0.33442	0.06090		
0.56000	-0.24198	0.09574		0.56000	-0.29517	0.07279		0.58000	-0.18024	0.12845		0.56000	-0.26252	0.08341		0.56000	-0.23250	0.10671		0.56000	-0.25579	0.09015		0.56000	-0.25579	0.09015		0.57000	-0.16837	0.13523		0.58000	-0.29433	0.07205		0.58000	-0.31538	0.06474		
0.57000	-0.22580	0.10424		0.57000	-0.27719	0.07903		0.59000	-0.16573	0.13469		0.57000	-0.24590	0.09104		0.57000	-0.21699	0.11508		0.57000	-0.23906	0.09834		0.57000	-0.23906	0.09834		0.58000	-0.15371	0.14408		0.59000	-0.27617	0.07825		0.59000	-0.29664	0.06978		
0.58000	-0.21042	0.11267		0.58000	-0.25966	0.08620		0.60000	-0.15138	0.14337		0.58000	-0.22958	0.09919		0.58000	-0.20137	0.12370		0.58000	-0.22290	0.10674		0.58000	-0.22290	0.10674		0.59000	-0.14044	0.15193		0.60000	-0.25886	0.08551		0.60000	-0.27844	0.07593		
0.59000	-0.19491	0.12126		0.59000	-0.24317	0.09401		0.61000	-0.13777	0.15142		0.59000	-0.21425	0.10751		0.59000	-0.18703	0.13471		0.59000	-0.20734	0.11527		0.59000	-0.20734	0.11527		0.60000	-0.12684	0.15968		0.61000	-0.24240	0.09292		0.61000	-0.26094	0.08281		
0.60000	-0.18041	0.13251		0.60000	-0.22697	0.10202		0.62000	-0.12449	0.15908		0.60000	-0.19947	0.11526		0.60000	-0.17225	0.14053		0.60000	-0.19274	0.12366		0.60000	-0.19274	0.12366		0.61000	-0.11338	0.16719		0.62000	-0.22611	0.10134		0.62000	-0.24418	0.09052		
0.61000	-0.16524	0.13808		0.61000	-0.21142	0.11054		0.63000	-0.11129	0.16652		0.61000	-0.18578	0.12437		0.61000	-0.15781	0.14918		0.61000	-0.17769	0.13303		0.61000	-0.17769	0.13303		0.62000	-0.10005	0.17439		0.63000	-0.21036	0.10979		0.63000	-0.22792	0.09854		
0.62000	-0.15103	0.14704		0.62000	-0.19565	0.11907		0.64000	-0.09786	0.17353		0.62000	-0.17031	0.13201		0.62000	-0.14404	0.15737		0.62000	-0.16314	0.14052		0.62000	-0.16314	0.14052		0.63000	-0.08722	0.18092		0.64000	-0.19489	0.11792		0.64000	-0.21248	0.10700		
0.63000	-0.13733	0.15517		0.63000	-0.18206	0.12955		0.65000	-0.08532	0.17979		0.63000	-0.15583	0.14040		0.63000	-0.13081	0.16505		0.63000	-0.14908	0.14929		0.63000	-0.14908	0.14929		0.64000	-0.07448	0.18672		0.65000	-0.18132	0.12856		0.65000	-0.19680	0.11555		
0.64000	-0.12387	0.16289		0.64000	-0.16690	0.13582		0.66000	-0.07247	0.18578		0.64000	-0.14241	0.14823		0.64000	-0.11741	0.17289		0.64000	-0.13601	0.15715		0.64000	-0.13601	0.15715		0.65000	-0.06162	0.19202		0.66000	-0.16636	0.13443		0.66000	-0.18320	0.12482		
0.65000	-0.11080	0.17048		0.65000	-0.15210	0.14463		0.67000	-0.05978	0.19075		0.65000	-0.12875	0.15605		0.65000	-0.10517	0.17964		0.65000	-0.12273	0.16454		0.65000	-0.12273	0.16454		0.66000	-0.04816	0.19650		0.67000	-0.15167	0.14303		0.67000	-0.16765	0.13245		
0.66000	-0.09799	0.17734		0.66000	-0.13824	0.15265		0.68000	-0.04661	0.19524		0.66000	-0.11541	0.16344		0.66000	-0.09186	0.18617		0.66000	-0.10923	0.17174		0.66000	-0.10923	0.17174		0.67000	-0.03570	0.20043		0.68000	-0.13798	0.15111		0.68000	-0.15338	0.14108		
0.67000	-0.08517	0.18357		0.67000	-0.12524	0.16035		0.69000	-0.03428	0.19932		0.67000	-0.10226	0.17069		0.67000	-0.07893	0.19171		0.67000	-0.09568	0.17865		0.67000	-0.09568	0.17865		0.68000	-0.02305	0.20394		0.69000	-0.12487	0.15865		0.69000	-0.13962	0.14915		
0.68000	-0.07179	0.18924		0.68000	-0.11199	0.16774		0.70000	-0.02192	0.20219		0.68000	-0.08976	0.17682		0.68000	-0.06604	0.19726		0.68000	-0.08307	0.18468		0.68000	-0.08307	0.18468		0.69000	-0.00994	0.20719		0.70000	-0.11150	0.16602		0.70000	-0.12646	0.15699		
0.69000	-0.05926	0.19447		0.69000	-0.09792	0.17506		0.71000	-0.00947	0.20442		0.69000	-0.07667	0.18287		0.69000	-0.05377	0.20254		0.69000	-0.07009	0.19050		0.69000	-0.07009	0.19050		0.70000	0.00241	0.20952		0.71000	-0.09809	0.17321		0.71000	-0.11317	0.16439		
0.70000	-0.04685	0.19933		0.70000	-0.08483	0.18146		0.72000	0.00255	0.20639		0.70000	-0.06384	0.18832		0.70000	-0.04121	0.20704		0.70000	-0.05730	0.19533		0.70000	-0.05730	0.19533		0.71000	0.01601	0.21116		0.72000	-0.08505	0.17958		0.72000	-0.10013	0.17148		
0.71000	-0.03438	0.20393		0.71000	-0.07185	0.18707		0.73000	0.01678	0.20656		0.71000	-0.05067	0.19270		0.71000	-0.02862	0.21053		0.71000	-0.04476	0.19985		0.71000	-0.04476	0.19985		0.72000	0.02864	0.21050		0.73000	-0.07225	0.18533		0.73000	-0.08720	0.17831		
0.72000	-0.02164	0.20738		0.72000	-0.05929	0.19210		0.74000	0.02859	0.20621		0.72000	-0.03784	0.19774		0.72000	-0.01557	0.21296		0.72000	-0.03206	0.20307		0.72000	-0.03206	0.20307		0.73000	0.04116	0.20941		0.74000	-0.05957	0.19052		0.74000	-0.07430	0.18450		
0.73000	-0.00865	0.20975		0.73000	-0.04622	0.19706		0.75000	0.04087	0.20497		0.73000	-0.02478	0.20106		0.73000	-0.00376	0.21450		0.73000	-0.01905	0.20592		0.73000	-0.01905	0.20592		0.74000	0.05368	0.20788		0.75000	-0.04633	0.19496		0.75000	-0.06168	0.18946		
0.74000	0.00302	0.21095		0.74000	-0.03320	0.20117		0.76000	0.05327	0.20298		0.74000	-0.01141	0.20366		0.74000	0.00903	0.21577		0.74000	-0.00662	0.20795		0.74000	-0.00662	0.20795		0.75000	0.06645	0.20525		0.76000	-0.03361	0.19891		0.76000	-0.04874	0.19427		
0.75000	0.01643	0.21242		0.75000	-0.02004	0.20438		0.77000	0.06593	0.19985		0.75000	0.00114	0.20560		0.75000	0.02154	0.21489		0.75000	0.00506	0.20971		0.75000	0.00506	0.20971		0.76000	0.07938	0.20145		0.77000	-0.02067	0.20239		0.77000	-0.03665	0.19839		
0.76000	0.02840	0.21151		0.76000	-0.00686	0.20655		0.78000	0.07819	0.19581		0.76000	0.01363	0.20628		0.76000	0.03425	0.21357		0.76000	0.02018	0.20990		0.76000	0.02018	0.20990		0.77000	0.09219	0.19683		0.78000	-0.00811	0.20496		0.78000	-0.02421	0.20193		
0.77000	0.04097	0.21021		0.77000	0.00404	0.20862		0.79000	0.09045	0.19072		0.77000	0.02636	0.20844		0.77000	0.04654	0.21112		0.77000	0.03220	0.20855		0.77000	0.03220	0.20855		0.78000	0.10439	0.19161		0.79000	0.00400	0.20720		0.79000	-0.01105	0.20507		
0.78000	0.05353	0.20785		0.78000	0.01783	0.20763		0.80000	0.10314	0.18487		0.78000	0.03845	0.20831		0.78000	0.05847	0.20807		0.78000	0.04436	0.20690		0.78000	0.04436	0.20690		0.79000	0.11715	0.18545		0.80000	0.01792	0.20875		0.80000	0.00101	0.20689		
0.79000	0.06584	0.20455		0.79000	0.03196	0.20919		0.81000	0.11539	0.17863		0.79000	0.05078	0.20721		0.79000	0.07069	0.20435		0.79000	0.05692	0.20430		0.79000	0.05692	0.20430		0.80000	0.13018	0.17836		0.81000	0.03045	0.20772		0.81000	0.01365	0.20853		
0.80000	0.07790	0.20051		0.80000	0.04464	0.20797		0.82000	0.12800	0.17146		0.80000	0.06323	0.20498		0.80000	0.08297	0.19995		0.80000	0.06969	0.20073		0.80000	0.06969	0.20073		0.81000	0.14309	0.16985		0.82000	0.04305	0.20637		0.82000	0.02658	0.20774		
0.81000	0.09024	0.19573		0.81000	0.05710	0.20603		0.83000	0.14111	0.16316		0.81000	0.07520	0.20219		0.81000	0.09566	0.19394		0.81000	0.08274	0.19601		0.81000	0.08274	0.19601		0.82000	0.15554	0.16083		0.83000	0.05523	0.20448		0.83000	0.03878	0.20663		
0.82000	0.10296	0.18966		0.82000	0.06994	0.20314		0.84000	0.15424	0.15561		0.82000	0.08724	0.19858		0.82000	0.10830	0.18702		0.82000	0.09500	0.19065		0.82000	0.09500	0.19065		0.83000	0.16756	0.15171		0.84000	0.06801	0.20184		0.84000	0.05106	0.20502		
0.83000	0.11491	0.18283		0.83000	0.08292	0.19951		0.85000	0.16568	0.14862		0.83000	0.09962	0.19395		0.83000	0.12053	0.17973		0.83000	0.10741	0.18465		0.83000	0.10741	0.18465		0.84000	0.17999	0.14146		0.85000	0.08077	0.19776		0.85000	0.06368	0.20198		
0.84000	0.12724	0.17556		0.84000	0.09583	0.19439		0.86000	0.17889	0.13967		0.84000	0.11170	0.18861		0.84000	0.13265	0.17207		0.84000	0.12043	0.17754		0.84000	0.12043	0.17754		0.85000	0.19342	0.13307		0.86000	0.09336	0.19286		0.86000	0.07616	0.19812		
0.85000	0.14002	0.16781		0.85000	0.10845	0.18862		0.87000	0.19295	0.12998		0.85000	0.12411	0.18181		0.85000	0.14635	0.16410		0.85000	0.13298	0.17009		0.85000	0.13298	0.17009		0.86000	0.20830	0.12689		0.87000	0.10586	0.18712		0.87000	0.08849	0.19346		
