0.0	-0.86898	0.3718	0.0	-0.86654	0.37181	0.0	-0.85926	0.36256	0.0	-0.86324	0.37	0.0	-0.866202218	0.3699167032	0.0	-0.866336025	0.3680025945	0.0	-0.866336025	0.3680025945	0.01	-0.8587891031	0.3621166386	0.02	-0.86415	0.36568	0.02	-0.86197	0.36557	
0.01	-0.86899	0.37179	0.01	-0.86646	0.37202	0.01	-0.85738	0.3607	0.01	-0.86238	0.36527	0.01	-0.8648791805	0.3688420917	0.01	-0.8656693118	0.3676224762	0.01	-0.8656693118	0.3676224762	0.02	-0.8558508502	0.3595717957	0.03	-0.86415	0.36569	0.03	-0.86198	0.36561	
0.02	-0.86899	0.37179	0.02	-0.86616	0.37232	0.02	-0.85502	0.35872	0.02	-0.86149	0.36481	0.02	-0.8634411575	0.367491563	0.02	-0.8643078146	0.3667354529	0.02	-0.8643078146	0.3667354529	0.03	-0.8525772584	0.3563581575	0.04	-0.86404	0.36563	0.04	-0.86196	0.36563	
0.03	-0.869		0.37179	0.03	-0.86582	0.37239	0.03	-0.85261	0.35648	0.03	-0.85981	0.36315	0.03	-0.8614106701	0.3652336349	0.03	-0.8626761811	0.3651566657	0.03	-0.8626761811	0.3651566657	0.04	-0.8490015253	0.3531382988	0.05	-0.86313	0.36506	0.05	-0.86176	0.36563	
0.04	-0.86901	0.37179	0.04	-0.86511	0.37237	0.04	-0.84966	0.35388	0.04	-0.85815	0.36099	0.04	-0.858933613	0.3629006136	0.04	-0.8605490429	0.3633666551	0.04	-0.8605490429	0.3633666551	0.05	-0.8451603555	0.3497496621	0.06	-0.86215	0.36424	0.06	-0.86109	0.36519	
0.05	-0.86902	0.37173	0.05	-0.86364	0.37085	0.05	-0.84628	0.35082	0.05	-0.85616	0.35904	0.05	-0.8562850102	0.360313848	0.05	-0.8580629032	0.3611621538	0.05	-0.8580629032	0.3611621538	0.06	-0.8407414474	0.3458584247	0.07	-0.86077	0.36292	0.07	-0.85967	0.36448	
0.06	-0.86903	0.3717	0.06	-0.86111	0.36864	0.06	-0.84289	0.3475	0.06	-0.85354	0.35657	0.06	-0.8530946402	0.3574286981	0.06	-0.8554199194	0.3586943531	0.06	-0.8554199194	0.3586943531	0.07	-0.8360235811	0.3416467594	0.08	-0.8592		0.36151	0.08	-0.85831	0.3633	
0.07	-0.869		0.37176	0.07	-0.85862	0.36587	0.07	-0.83877	0.34406	0.07	-0.85069	0.35406	0.07	-0.8494585562	0.3541770193	0.07	-0.8524281622	0.3558848363	0.07	-0.8524281622	0.3558848363	0.08	-0.8309869028	0.3374565045	0.09	-0.8569		0.35958	0.09	-0.85659	0.36198	
0.08	-0.86898	0.37179	0.08	-0.85584	0.36273	0.08	-0.83453	0.34024	0.08	-0.84747	0.35099	0.08	-0.845580158	0.350635947	0.08	-0.8490308695	0.3527945487	0.08	-0.8490308695	0.3527945487	0.09	-0.8258608462	0.3328850947	0.1	-0.85449	0.35719	0.1	-0.85461	0.35972	
0.09	-0.86899	0.37181	0.09	-0.85197	0.3599	0.09	-0.83006	0.33577	0.09	-0.84398	0.34808	0.09	-0.8412903924	0.3468054443	0.09	-0.8455786962	0.3492686761	0.09	-0.8455786962	0.3492686761	0.1	-0.8201212705	0.3279652717	0.11	-0.85172	0.3546	0.11	-0.85225	0.35731	
0.1	-0.869		0.37177	0.1	-0.84852	0.35691	0.1	-0.8251		0.33136	0.1	-0.84029	0.34456	0.1	-0.8368184294	0.3429467654	0.1	-0.8415117365	0.3458485999	0.1	-0.8415117365	0.3458485999	0.11	-0.8141949427	0.3228252786	0.12	-0.84842	0.35168	0.12	-0.84953	0.35475	
0.11	-0.86899	0.37181	0.11	-0.8449		0.3535	0.11	-0.81981	0.32678	0.11	-0.8362		0.34089	0.11	-0.831914981	0.338445412	0.11	-0.8372323667	0.3419265339	0.11	-0.8372323667	0.3419265339	0.12	-0.8076420495	0.3172185462	0.13	-0.8448		0.34856	0.13	-0.84638	0.35184	
0.12	-0.86899	0.37176	0.12	-0.84095	0.34972	0.12	-0.81402	0.32209	0.12	-0.83177	0.33697	0.12	-0.8264977318	0.3336471104	0.12	-0.8323966718	0.3377482624	0.12	-0.8323966718	0.3377482624	0.13	-0.8007040651	0.3111922769	0.14	-0.84095	0.345	0.14	-0.84271	0.34861	
0.13	-0.86898	0.3718	0.13	-0.83643	0.34587	0.13	-0.80805	0.31687	0.13	-0.82703	0.3326	0.13	-0.8209059926	0.3288410725	0.13	-0.8273519669	0.333334353	0.13	-0.8273519669	0.333334353	0.14	-0.7934602747	0.3049408111	0.15	-0.83658	0.34123	0.15	-0.83887	0.34516	
0.14	-0.86896	0.37181	0.14	-0.83202	0.34138	0.14	-0.80181	0.31106	0.14	-0.82188	0.32793	0.14	-0.8151902469	0.3237269752	0.14	-0.822369882	0.3287831238	0.14	-0.822369882	0.3287831238	0.15	-0.7858345165	0.2987248859	0.16	-0.83213	0.33728	0.16	-0.8347		0.34158	
0.15	-0.86892	0.37186	0.15	-0.82698	0.33678	0.15	-0.79493	0.30531	0.15	-0.81622	0.32303	0.15	-0.8087767964	0.3183220661	0.15	-0.8164276398	0.3236086694	0.15	-0.8164276398	0.3236086694	0.16	-0.7783707634	0.292170262	0.17	-0.82734	0.33284	0.17	-0.83042	0.33745	
0.16	-0.86886	0.37188	0.16	-0.82165	0.33203	0.16	-0.78769	0.29912	0.16	-0.81019	0.31778	0.16	-0.8022882955	0.31231831	0.16	-0.8104569869	0.3182768015	0.16	-0.8104569869	0.3182768015	0.17	-0.7700714962	0.2853500888	0.18	-0.82198	0.32805	0.18	-0.82551	0.33293	
0.17	-0.86871	0.37198	0.17	-0.81581	0.32698	0.17	-0.78038	0.29281	0.17	-0.80372	0.31215	0.17	-0.7954705451	0.3067281411	0.17	-0.803799126	0.3123454117	0.17	-0.803799126	0.3123454117	0.18	-0.7614399181	0.278191152	0.19	-0.8164		0.32318	0.19	-0.82028	0.32834	
0.18	-0.8684		0.37189	0.18	-0.8099		0.322	0.18	-0.77222	0.28606	0.18	-0.79727	0.30651	0.18	-0.7881993094	0.3005582309	0.18	-0.7968172413	0.3065823208	0.18	-0.7968172413	0.3065823208	0.19	-0.7527264659	0.2709951758	0.2	-0.81057	0.31806	0.2	-0.81467	0.32325	
0.19	-0.86811	0.37161	0.19	-0.80329	0.31655	0.19	-0.76406	0.2795	0.19	-0.79065	0.3006	0.19	-0.780099493	0.2935712122	0.19	-0.7896766853	0.3002058976	0.19	-0.7896766853	0.3002058976	0.2	-0.7433669374	0.2637422561	0.21	-0.8043		0.3123	0.21	-0.80875	0.31814	
0.2	-0.86771	0.37146	0.2	-0.79675	0.31103	0.2	-0.75536	0.27244	0.2	-0.78315	0.29443	0.2	-0.7716660971	0.2866767736	0.2	-0.7823326004	0.2937469277	0.2	-0.7823326004	0.2937469277	0.21	-0.7329047797	0.2575125239	0.22	-0.79723	0.30628	0.22	-0.80247	0.31252	
0.21	-0.86621	0.37084	0.21	-0.78967	0.30485	0.21	-0.74693	0.26526	0.21	-0.77555	0.28787	0.21	-0.7630855161	0.2793748144	0.21	-0.7741055737	0.2868414747	0.21	-0.7741055737	0.2868414747	0.22	-0.7239368605	0.2465862758	0.23	-0.7901		0.30007	0.23	-0.79617	0.3071	
0.22	-0.86204	0.36653	0.22	-0.78216	0.29847	0.22	-0.73677	0.26001	0.22	-0.76755	0.28116	0.22	-0.7548260839	0.2722613154	0.22	-0.7656911719	0.2799596825	0.22	-0.7656911719	0.2799596825	0.23	-0.7137061406	0.2383250685	0.24	-0.78267	0.2938	0.24	-0.78914	0.30115	
0.23	-0.85724	0.36292	0.23	-0.7742		0.29144	0.23	-0.72715	0.24982	0.23	-0.75863	0.2741	0.23	-0.7450291473	0.2659902712	0.23	-0.7575748369	0.2729485677	0.23	-0.7575748369	0.2729485677	0.24	-0.7027081301	0.2296416817	0.25	-0.77513	0.28749	0.25	-0.78187	0.29498	
0.24	-0.8543		0.36082	0.24	-0.76584	0.28452	0.24	-0.7176		0.24073	0.24	-0.74998	0.26691	0.24	-0.7349765226	0.257078293	0.24	-0.7486862513	0.2658407625	0.24	-0.7486862513	0.2658407625	0.25	-0.6914625592	0.2209830809	0.26	-0.76668	0.28049	0.26	-0.77383	0.28813	
0.25	-0.85061	0.35766	0.25	-0.75698	0.27735	0.25	-0.70737	0.23238	0.25	-0.74046	0.26071	0.25	-0.7255693341	0.2478646246	0.25	-0.7381611676	0.2595652607	0.25	-0.7381611676	0.2595652607	0.26	-0.6798277672	0.2122508893	0.27	-0.75814	0.27336	0.27	-0.76604	0.28154	
0.26	-0.84644	0.35354	0.26	-0.74822	0.27071	0.26	-0.69614	0.22379	0.26	-0.72971	0.25378	0.26	-0.7157433204	0.2397361249	0.26	-0.7288774849	0.2495620789	0.26	-0.7288774849	0.2495620789	0.27	-0.6676564265	0.2030654778	0.28	-0.74945	0.26623	0.28	-0.75747	0.27449	
0.27	-0.84239	0.35002	0.27	-0.73955	0.26372	0.27	-0.68496	0.21538	0.27	-0.72117	0.24297	0.27	-0.7047572661	0.2313714201	0.27	-0.718817184	0.2406339161	0.27	-0.718817184	0.2406339161	0.28	-0.6555086234	0.1940647397	0.29	-0.73927	0.26023	0.29	-0.74899	0.26727	
0.28	-0.83807	0.34636	0.28	-0.72911	0.25713	0.28	-0.67343	0.20648	0.28	-0.7111		0.23487	0.28	-0.6937490832	0.222982886	0.28	-0.7084938199	0.2327497912	0.28	-0.7084938199	0.2327497912	0.29	-0.6423244265	0.1844273931	0.3	-0.72935	0.24988	0.3	-0.73979	0.26066	
0.29	-0.83375	0.34229	0.29	-0.71985	0.24603	0.29	-0.66099	0.1975	0.29	-0.70019	0.22631	0.29	-0.6821494198	0.2141278126	0.29	-0.6973824648	0.2243922881	0.29	-0.6973824648	0.2243922881	0.3	-0.6288101853	0.1749236902	0.31	-0.7198		0.24135	0.31	-0.72947	0.25254	
0.3	-0.82882	0.33795	0.3	-0.70947	0.23798	0.3	-0.64875	0.18843	0.3	-0.68877	0.21807	0.3	-0.6698456811	0.2049364224	0.3	-0.6855697794	0.2154947967	0.3	-0.6855697794	0.2154947967	0.31	-0.6153777221	0.1659697686	0.32	-0.70941	0.2332	0.32	-0.72032	0.24307	
0.31	-0.82345	0.3332	0.31	-0.6986		0.2294	0.31	-0.63552	0.17887	0.31	-0.67735	0.20945	0.31	-0.657489262	0.1962721248	0.31	-0.6738258587	0.2065499496	0.31	-0.6738258587	0.2065499496	0.32	-0.6009793924	0.1564199714	0.33	-0.69841	0.22455	0.33	-0.71002	0.23494	
0.32	-0.81786	0.32807	0.32	-0.68713	0.22016	0.32	-0.62235	0.16994	0.32	-0.6652		0.20043	0.32	-0.6443100832	0.1867974179	0.32	-0.661877726	0.198081932	0.32	-0.661877726	0.198081932	0.33	-0.5861298051	0.1469419563	0.34	-0.68713	0.2161	0.34	-0.69912	0.22625	
0.33	-0.81201	0.32277	0.33	-0.67532	0.21151	0.33	-0.60837	0.16075	0.33	-0.65292	0.19142	0.33	-0.6317164418	0.1780769893	0.33	-0.6490855149	0.1886196449	0.33	-0.6490855149	0.1886196449	0.34	-0.5714861814	0.1379984105	0.35	-0.67542	0.2073	0.35	-0.68808	0.21778	
0.34	-0.80559	0.31718	0.34	-0.66341	0.20259	0.34	-0.5946		0.15144	0.34	-0.64006	0.18166	0.34	-0.6175583481	0.1684916933	0.34	-0.6364279213	0.1797742935	0.34	-0.6364279213	0.1797742935	0.35	-0.5560896263	0.1285134284	0.36	-0.66341	0.19852	0.36	-0.67638	0.20903	
0.35	-0.79866	0.31115	0.35	-0.65078	0.1937	0.35	-0.57946	0.14225	0.35	-0.62704	0.17298	0.35	-0.6030319151	0.158987088	0.35	-0.6225176478	0.1701187106	0.35	-0.6225176478	0.1701187106	0.36	-0.5395757117	0.1200908824	0.37	-0.65078	0.18957	0.37	-0.66488	0.20046	
0.36	-0.79168	0.30506	0.36	-0.63837	0.18432	0.36	-0.56483	0.13353	0.36	-0.61315	0.16349	0.36	-0.5888419383	0.1500545132	0.36	-0.6089581907	0.1614017843	0.36	-0.6089581907	0.1614017843	0.37	-0.5240085397	0.1100325648	0.38	-0.63802	0.18031	0.38	-0.652		0.19099	
0.37	-0.78427	0.29878	0.37	-0.62483	0.17497	0.37	-0.54985	0.12583	0.37	-0.59893	0.15424	0.37	-0.5736765839	0.1410585998	0.37	-0.5945641796	0.1519089751	0.37	-0.5945641796	0.1519089751	0.38	-0.5070482747	0.1011817103	0.39	-0.62429	0.17085	0.39	-0.63958	0.18225	
0.38	-0.77645	0.29205	0.38	-0.61074	0.16574	0.38	-0.53268	0.11437	0.38	-0.58461	0.1451	0.38	-0.5591014362	0.1320957246	0.38	-0.579922605	0.1428099461	0.38	-0.579922605	0.1428099461	0.39	-0.4900453454	0.09291663042	0.4	-0.61076	0.16211	0.4	-0.62626	0.17286	
0.39	-0.76833	0.28512	0.39	-0.59696	0.15651	0.39	-0.51646	0.105	0.39	-0.5698		0.13631	0.39	-0.5416144602	0.1225045494	0.39	-0.5647706097	0.1338314802	0.39	-0.5647706097	0.1338314802	0.4	-0.4721813028	0.08457160158	0.41	-0.59625	0.15262	0.41	-0.61298	0.16398	
0.4	-0.75962	0.27804	0.4	-0.58239	0.14706	0.4	-0.50027	0.09669	0.4	-0.55462	0.12693	0.4	-0.5263050142	0.1131081681	0.4	-0.5497830876	0.1261455121	0.4	-0.5497830876	0.1261455121	0.41	-0.4535808861	0.07726487495	0.42	-0.58194	0.14358	0.42	-0.59856	0.15437	
0.41	-0.7509		0.27099	0.41	-0.56759	0.13833	0.41	-0.48317	0.08851	0.41	-0.53752	0.11894	0.41	-0.5095450454	0.1042757265	0.41	-0.5331510594	0.1154001156	0.41	-0.5331510594	0.1154001156	0.42	-0.4349093892	0.07115080241	0.43	-0.56667	0.13464	0.43	-0.58374	0.1452	
0.42	-0.74235	0.26479	0.42	-0.55228	0.12875	0.42	-0.46511	0.08046	0.42	-0.5226		0.10862	0.42	-0.4925050825	0.09565890851	0.42	-0.5163166355	0.1062251084	0.42	-0.5163166355	0.1062251084	0.43	-0.4157705816	0.06609130461	0.44	-0.5522		0.12613	0.44	-0.56935	0.13617	
0.43	-0.73127	0.25639	0.43	-0.53544	0.12047	0.43	-0.447		0.0735	0.43	-0.506		0.09989	0.43	-0.4751625393	0.08821011981	0.43	-0.4997995154	0.09743920729	0.43	-0.4997995154	0.09743920729	0.44	-0.3960479638	0.06259899071	0.45	-0.53494	0.11599	0.45	-0.55395	0.12686	
0.44	-0.72219	0.24631	0.44	-0.5205		0.11036	0.44	-0.42821	0.06785	0.44	-0.48903	0.09148	0.44	-0.4571498489	0.08093737583	0.44	-0.4825530434	0.08926695001	0.44	-0.4825530434	0.08926695001	0.45	-0.3758116253	0.06094837345	0.46	-0.51875	0.1065	0.46	-0.53662	0.11729	
0.45	-0.71177	0.23789	0.45	-0.50345	0.10148	0.45	-0.40879	0.06319	0.45	-0.47118	0.08343	0.45	-0.4381222348	0.07459938886	0.45	-0.4648784907	0.08138664342	0.45	-0.4648784907	0.08138664342	0.46	-0.3559788644	0.06143299057	0.47	-0.50198	0.09787	0.47	-0.52198	0.10817	
0.46	-0.70082	0.22939	0.46	-0.4863		0.09328	0.46	-0.38929	0.06043	0.46	-0.45316	0.07613	0.46	-0.4185976166	0.06993062211	0.46	-0.4460152328	0.07456090129	0.46	-0.4460152328	0.07456090129	0.47	-0.3355640133	0.06318634465	0.48	-0.48495	0.08952	0.48	-0.50524	0.09948	
0.47	-0.68989	0.22102	0.47	-0.46882	0.08526	0.47	-0.36976	0.05988	0.47	-0.43487	0.06986	0.47	-0.3990836016	0.06659853898	0.47	-0.4275706204	0.06918093742	0.47	-0.4275706204	0.06918093742	0.48	-0.3161829781	0.06712880197	0.49	-0.46757	0.08166	0.49	-0.48824	0.09104	
0.48	-0.67833	0.21223	0.48	-0.45069	0.07775	0.48	-0.34989	0.0597	0.48	-0.41571	0.06471	0.48	-0.3794431301	0.06518055242	0.48	-0.4080319984	0.06460602584	0.48	-0.4080319984	0.06460602584	0.49	-0.2976372556	0.0721607281	0.5	-0.44895	0.07454	0.5	-0.47034	0.08272	
0.49	-0.66612	0.20287	0.49	-0.43218	0.07162	0.49	-0.32956	0.06219	0.49	-0.39614	0.0613	0.49	-0.3588792586	0.06560336341	0.49	-0.3878478699	0.06212535929	0.49	-0.3878478699	0.06212535929	0.5	-0.2792116637	0.07840481151	0.51	-0.42995	0.06853	0.51	-0.45204	0.07541	
0.5	-0.65389	0.19395	0.5	-0.41318	0.06662	0.5	-0.31071	0.0664	0.5	-0.37599	0.05932	0.5	-0.3388137201	0.0676418736	0.5	-0.3678642594	0.06291587276	0.5	-0.3678642594	0.06291587276	0.51	-0.2618628495	0.08560407222	0.52	-0.41059	0.06399	0.52	-0.43341	0.06934	
0.51	-0.64056	0.18465	0.51	-0.39356	0.06311	0.51	-0.29236	0.07167	0.51	-0.35612	0.06	0.51	-0.319760429	0.0714663796	0.51	-0.3483841453	0.06262923664	0.51	-0.3483841453	0.06262923664	0.52	-0.2452879404	0.09329879682	0.53	-0.39103	0.06102	0.53	-0.41421	0.06427	
0.52	-0.6272		0.17519	0.52	-0.37309	0.06128	0.52	-0.27444	0.07822	0.52	-0.33583	0.06152	0.52	-0.3006456777	0.07704271239	0.52	-0.3278332802	0.06560042772	0.52	-0.3278332802	0.06560042772	0.53	-0.228756427	0.1014559264	0.54	-0.37163	0.05998	0.54	-0.39464	0.06084	
0.53	-0.61386	0.16604	0.53	-0.3538		0.06173	0.53	-0.25729	0.0853	0.53	-0.31682	0.06503	0.53	-0.2828194065	0.08356560516	0.53	-0.3090223726	0.07009908182	0.53	-0.3090223726	0.07009908182	0.54	-0.2132103741	0.1099824887	0.55	-0.35158	0.06018	0.55	-0.37467	0.05885	
0.54	-0.59925	0.1566	0.54	-0.33331	0.0635	0.54	-0.24017	0.09333	0.54	-0.29804	0.07011	0.54	-0.2653975376	0.09068811858	0.54	-0.2910023579	0.07576856261	0.54	-0.2910023579	0.07576856261	0.55	-0.197573498	0.1184673397	0.56	-0.33109	0.06264	0.56	-0.35432	0.05965	
0.55	-0.58447	0.1472	0.55	-0.31365	0.06751	0.55	-0.22399	0.10161	0.55	-0.27979	0.07631	0.55	-0.2486784998	0.09854815736	0.55	-0.2727315142	0.08259900262	0.55	-0.2727315142	0.08259900262	0.56	-0.1836672684	0.127909562	0.57	-0.31221	0.06683	0.57	-0.33442	0.0609	
0.56	-0.57		0.13843	0.56	-0.29517	0.07279	0.56	-0.20853	0.11024	0.56	-0.26252	0.08341	0.56	-0.2325039965	0.1067114129	0.56	-0.2557928397	0.09014509224	0.56	-0.2557928397	0.09014509224	0.57	-0.1683682757	0.1352327258	0.58	-0.29433	0.07205	0.58	-0.31538	0.06474	
0.57	-0.55445	0.12891	0.57	-0.27719	0.07903	0.57	-0.19375	0.11823	0.57	-0.2459		0.09104	0.57	-0.2169914056	0.1150814474	0.57	-0.2390564992	0.09833558371	0.57	-0.2390564992	0.09833558371	0.58	-0.1537065066	0.1440828594	0.59	-0.27617	0.07825	0.59	-0.29664	0.06978	
0.58	-0.53723	0.11889	0.58	-0.25965	0.0862	0.58	-0.17933	0.12885	0.58	-0.22958	0.09919	0.58	-0.2013726084	0.1236960891	0.58	-0.2228975491	0.1067440126	0.58	-0.2228975491	0.1067440126	0.59	-0.1404424649	0.1519260695	0.6	-0.25886	0.08551	0.6	-0.27844	0.07593	
0.59	-0.5213		0.10961	0.59	-0.24317	0.09401	0.59	-0.16468	0.13503	0.59	-0.21425	0.10751	0.59	-0.1870293922	0.134708771	0.59	-0.2073352415	0.1152685606	0.59	-0.2073352415	0.1152685606	0.6	-0.1268354982	0.159677748	0.61	-0.2424		0.09292	0.61	-0.26094	0.08281	
0.6	-0.50463	0.10076	0.6	-0.22697	0.10202	0.6	-0.15023	0.14361	0.6	-0.19947	0.11526	0.6	-0.1722488795	0.1405346925	0.6	-0.1927350884	0.1236602683	0.6	-0.1927350884	0.1236602683	0.61	-0.1133771427	0.1671851428	0.62	-0.22611	0.10134	0.62	-0.24418	0.09052	
0.61	-0.48747	0.09224	0.61	-0.21142	0.11054	0.61	-0.13659	0.15171	0.61	-0.18578	0.12437	0.61	-0.1578100439	0.1491760338	0.61	-0.1776946987	0.133032278	0.61	-0.1776946987	0.133032278	0.62	-0.1000506144	0.1743882775	0.63	-0.21036	0.10979	0.63	-0.22791	0.09854	
0.62	-0.46938	0.08402	0.62	-0.19565	0.11907	0.62	-0.1233		0.1592	0.62	-0.17031	0.13201	0.62	-0.144044856	0.1573710603	0.62	-0.163137809	0.1405202354	0.62	-0.163137809	0.1405202354	0.63	-0.08721588014	0.1809167578	0.64	-0.19489	0.11792	0.64	-0.21248	0.107	
0.63	-0.45097	0.07677	0.63	-0.18206	0.12955	0.63	-0.11017	0.16663	0.63	-0.15583	0.1404	0.63	-0.1308108229	0.1650548915	0.63	-0.1490793304	0.1492899324	0.63	-0.1490793304	0.1492899324	0.64	-0.07448054826	0.1867235455	0.65	-0.18132	0.12856	0.65	-0.1968		0.11555	
0.64	-0.4323		0.07052	0.64	-0.1669		0.13582	0.64	-0.09671	0.17369	0.64	-0.14241	0.14823	0.64	-0.1174118942	0.1728938658	0.64	-0.1360134721	0.1571495387	0.64	-0.1360134721	0.1571495387	0.65	-0.06161630355	0.1920174548	0.66	-0.16636	0.13443	0.66	-0.1832		0.12482	
0.65	-0.41268	0.06571	0.65	-0.1521		0.14463	0.65	-0.08412	0.17985	0.65	-0.12875	0.15605	0.65	-0.1051686141	0.1796411848	0.65	-0.1227325698	0.1645373866	0.65	-0.1227325698	0.1645373866	0.66	-0.0481635213	0.1965030275	0.67	-0.15167	0.14303	0.67	-0.16765	0.13245	
0.66	-0.39358	0.06249	0.66	-0.13824	0.15265	0.66	-0.07206	0.18587	0.66	-0.11541	0.16344	0.66	-0.09185653236	0.1861725182	0.66	-0.1092270657	0.1717448198	0.66	-0.1092270657	0.1717448198	0.67	-0.03569963957	0.2004281852	0.68	-0.13798	0.15111	0.68	-0.15338	0.14108	
0.67	-0.3732		0.0613	0.67	-0.12524	0.16035	0.67	-0.05918	0.19101	0.67	-0.10226	0.17069	0.67	-0.07893433176	0.1917072621	0.67	-0.09567798395	0.1786541212	0.67	-0.09567798395	0.1786541212	0.68	-0.02304631605	0.203944911	0.69	-0.12487	0.15865	0.69	-0.13962	0.14915	
0.68	-0.35277	0.06187	0.68	-0.11199	0.16774	0.68	-0.046		0.1953	0.68	-0.08976	0.17682	0.68	-0.06604436445	0.1972607709	0.68	-0.08307179761	0.1846803618	0.68	-0.08307179761	0.1846803618	0.69	-0.009941733059	0.207188676	0.7	-0.1115		0.16602	0.7	-0.12646	0.15699	
0.69	-0.33256	0.06416	0.69	-0.09792	0.17506	0.69	-0.03393	0.19937	0.69	-0.07667	0.18287	0.69	-0.05376782916	0.2025414131	0.69	-0.07008910007	0.190498673	0.69	-0.07008910007	0.190498673	0.7	0.002409894683	0.2095226295	0.71	-0.09809	0.17321	0.71	-0.11317	0.16439	
0.7	-0.31369	0.06822	0.7	-0.08483	0.18146	0.7	-0.02114	0.20269	0.7	-0.06384	0.18832	0.7	-0.04121053618	0.207044305	0.7	-0.05730450799	0.1953286349	0.7	-0.05730450799	0.1953286349	0.71	0.01601198435	0.2111559101	0.72	-0.08505	0.17958	0.72	-0.10013	0.17148	
0.71	-0.29448	0.07379	0.71	-0.07185	0.18707	0.71	-0.00851	0.20514	0.71	-0.05067	0.1927	0.71	-0.02861760675	0.2105321989	0.71	-0.04476184746	0.1998518806	0.71	-0.04476184746	0.1998518806	0.72	0.02864014827	0.2104993613	0.73	-0.07225	0.18533	0.73	-0.0872		0.17831	
0.72	-0.27668	0.08024	0.72	-0.05929	0.1921	0.72	0.00473		0.20699	0.72	-0.03784	0.19774	0.72	-0.0155658011	0.2129621139	0.72	-0.03205574882	0.2030691926	0.72	-0.03205574882	0.2030691926	0.73	0.04116013922	0.2094089031	0.74	-0.05957	0.19052	0.74	-0.0743		0.1845	
0.73	-0.25931	0.08756	0.73	-0.04622	0.19706	0.73	0.01764		0.20656	0.73	-0.02478	0.20106	0.73	-0.003757067743	0.2145010294	0.73	-0.01905464296	0.2059154165	0.73	-0.01905464296	0.2059154165	0.74	0.05368114099	0.2078764481	0.75	-0.04633	0.19496	0.75	-0.06168	0.18946	
0.74	-0.24198	0.09574	0.74	-0.0332		0.20117	0.74	0.03012		0.20613	0.74	-0.01141	0.20366	0.74	0.009026601794	0.2157746286	0.74	-0.006621517162	0.2079528036	0.74	-0.006621517162	0.2079528036	0.75	0.06644623017	0.2052454325	0.76	-0.03361	0.19891	0.76	-0.04874	0.19427	
0.75	-0.2258		0.10424	0.75	-0.02004	0.20438	0.75	0.04346		0.20441	0.75	0.00114		0.2056	0.75	0.02153554012	0.2148856153	0.75	0.005063662763	0.209714825	0.75	0.005063662763	0.209714825	0.76	0.07938292333	0.2014487213	0.77	-0.02067	0.20239	0.77	-0.03665	0.19839	
0.76	-0.21042	0.11267	0.76	-0.00686	0.20655	0.76	0.0568		0.20139	0.76	0.01363		0.20628	0.76	0.03424984548	0.2135743418	0.76	0.02017967915	0.2099031137	0.76	0.02017967915	0.2099031137	0.77	0.09218926425	0.1968316268	0.78	-0.00811	0.20496	0.78	-0.02421	0.20193	
0.77	-0.19491	0.12126	0.77	0.00404		0.20862	0.77	0.07186		0.19709	0.77	0.02636		0.20844	0.77	0.04654126103	0.211115119	0.77	0.03219835382	0.2085544904	0.77	0.03219835382	0.2085544904	0.78	0.1043894241	0.1916117153	0.79	0.004		0.2072	0.79	-0.01105	0.20507	
