0.00000	 -0.86840	0.37189	0.0000000	 -0.8665413	0.3718090	0.0200000	 -0.8557053	0.3575527	0.0000000	 -0.8632422	0.3653901	0.0000000	-8.662022180E-1	3.699167032E-1	0.000000000E0	-8.663360250E-1	3.680025945E-1	0.000000000E0	-8.663360250E-1	3.680025945E-1	1.000000000E-2	-8.587891031E-1	3.621166386E-1	0.0200000	 -0.8641463	0.3656770	0.0200000	 -0.8619731	0.3655712
0.01000	 -0.86811	0.37161	0.0100000	 -0.8664590	0.3720201	0.0300000	 -0.8533239	0.3552044	0.0100000	 -0.8623825	0.3652707	0.0100000	-8.648791805E-1	3.688420917E-1	1.000000000E-2	-8.656693118E-1	3.676224762E-1	1.000000000E-2	-8.656693118E-1	3.676224762E-1	2.000000000E-2	-8.558508502E-1	3.595717957E-1	0.0300000	 -0.8641495	0.3656892	0.0300000	 -0.8619841	0.3656092
0.02000	 -0.86771	0.37146	0.0200000	 -0.8661639	0.3723243	0.0400000	 -0.8505695	0.3526785	0.0200000	 -0.8614915	0.3648054	0.0200000	-8.634411575E-1	3.674915630E-1	2.000000000E-2	-8.643078146E-1	3.667354529E-1	2.000000000E-2	-8.643078146E-1	3.667354529E-1	3.000000000E-2	-8.525772584E-1	3.563581575E-1	0.0400000	 -0.8640386	0.3656294	0.0400000	 -0.8619614	0.3656309
0.03000	 -0.86621	0.37084	0.0300000	 -0.8658193	0.3723867	0.0500000	 -0.8471845	0.3499344	0.0300000	 -0.8598111	0.3631472	0.0300000	-8.614106701E-1	3.652336349E-1	3.000000000E-2	-8.626761811E-1	3.651566657E-1	3.000000000E-2	-8.626761811E-1	3.651566657E-1	4.000000000E-2	-8.490015253E-1	3.531382988E-1	0.0500000	 -0.8631261	0.3650610	0.0500000	 -0.8617649	0.3656256
0.04000	 -0.86204	0.36653	0.0400000	 -0.8651150	0.3723651	0.0600000	 -0.8436408	0.3465830	0.0400000	 -0.8581489	0.3609932	0.0400000	-8.589336130E-1	3.629006136E-1	4.000000000E-2	-8.605490429E-1	3.633666551E-1	4.000000000E-2	-8.605490429E-1	3.633666551E-1	5.000000000E-2	-8.451603555E-1	3.497496621E-1	0.0600000	 -0.8621484	0.3642368	0.0600000	 -0.8610882	0.3651935
0.05000	 -0.85724	0.36292	0.0500000	 -0.8636418	0.3708500	0.0700000	 -0.8398665	0.3429858	0.0500000	 -0.8561569	0.3590393	0.0500000	-8.562850102E-1	3.603138480E-1	5.000000000E-2	-8.580629032E-1	3.611621538E-1	5.000000000E-2	-8.580629032E-1	3.611621538E-1	6.000000000E-2	-8.407414474E-1	3.458584247E-1	0.0700000	 -0.8607684	0.3629155	0.0700000	 -0.8596657	0.3644779
0.06000	 -0.85430	0.36082	0.0600000	 -0.8611080	0.3686414	0.0800000	 -0.8354458	0.3392484	0.0600000	 -0.8535408	0.3565674	0.0600000	-8.530946402E-1	3.574286981E-1	6.000000000E-2	-8.554199194E-1	3.586943531E-1	6.000000000E-2	-8.554199194E-1	3.586943531E-1	7.000000000E-2	-8.360235811E-1	3.416467594E-1	0.0800000	 -0.8591967	0.3615119	0.0800000	 -0.8583110	0.3632999
0.07000	 -0.85061	0.35766	0.0700000	 -0.8586235	0.3658732	0.0900000	 -0.8309923	0.3350550	0.0700000	 -0.8506863	0.3540560	0.0700000	-8.494585562E-1	3.541770193E-1	7.000000000E-2	-8.524281622E-1	3.558848363E-1	7.000000000E-2	-8.524281622E-1	3.558848363E-1	8.000000000E-2	-8.309869028E-1	3.374565045E-1	0.0900000	 -0.8569037	0.3595842	0.0900000	 -0.8565856	0.3619814
0.08000	 -0.84644	0.35354	0.0800000	 -0.8558383	0.3627302	0.1000000	 -0.8262487	0.3307652	0.0800000	 -0.8474692	0.3509933	0.0800000	-8.455801580E-1	3.506359470E-1	8.000000000E-2	-8.490308695E-1	3.527945487E-1	8.000000000E-2	-8.490308695E-1	3.527945487E-1	9.000000000E-2	-8.258608462E-1	3.328850947E-1	0.1000000	 -0.8544942	0.3571856	0.1000000	 -0.8546145	0.3597169
0.09000	 -0.84239	0.35002	0.0900000	 -0.8519654	0.3598956	0.1100000	 -0.8207730	0.3260964	0.0900000	 -0.8439848	0.3480765	0.0900000	-8.412903924E-1	3.468054443E-1	9.000000000E-2	-8.455786962E-1	3.492686761E-1	9.000000000E-2	-8.455786962E-1	3.492686761E-1	1.000000000E-1	-8.201212705E-1	3.279652717E-1	0.1100000	 -0.8517157	0.3546021	0.1100000	 -0.8522478	0.3573071
0.10000	 -0.83807	0.34636	0.1000000	 -0.8485197	0.3569070	0.1200000	 -0.8151522	0.3210946	0.1000000	 -0.8402913	0.3445557	0.1000000	-8.368184294E-1	3.429467654E-1	1.000000000E-1	-8.415117365E-1	3.458485999E-1	1.000000000E-1	-8.415117365E-1	3.458485999E-1	1.100000000E-1	-8.141949427E-1	3.228252786E-1	0.1200000	 -0.8484178	0.3516754	0.1200000	 -0.8495344	0.3547501
0.11000	 -0.83375	0.34229	0.1100000	 -0.8448984	0.3535042	0.1300000	 -0.8091228	0.3160122	0.1100000	 -0.8362037	0.3408883	0.1100000	-8.319149810E-1	3.384454120E-1	1.100000000E-1	-8.372323667E-1	3.419265339E-1	1.100000000E-1	-8.372323667E-1	3.419265339E-1	1.200000000E-1	-8.076420495E-1	3.172185462E-1	0.1300000	 -0.8447972	0.3485627	0.1300000	 -0.8463780	0.3518378
0.12000	 -0.82882	0.33795	0.1200000	 -0.8409511	0.3497199	0.1400000	 -0.8028234	0.3101581	0.1200000	 -0.8317656	0.3369695	0.1200000	-8.264977318E-1	3.336471104E-1	1.200000000E-1	-8.323966718E-1	3.377482624E-1	1.200000000E-1	-8.323966718E-1	3.377482624E-1	1.300000000E-1	-8.007040651E-1	3.111922769E-1	0.1400000	 -0.8409455	0.3449974	0.1400000	 -0.8427137	0.3486068
0.13000	 -0.82345	0.33320	0.1300000	 -0.8364267	0.3458713	0.1500000	 -0.7960765	0.3043026	0.1300000	 -0.8270324	0.3326032	0.1300000	-8.209059926E-1	3.288410725E-1	1.300000000E-1	-8.273519669E-1	3.333343530E-1	1.300000000E-1	-8.273519669E-1	3.333343530E-1	1.400000000E-1	-7.934602747E-1	3.049408111E-1	0.1500000	 -0.8365801	0.3412264	0.1500000	 -0.8388709	0.3451573
0.14000	 -0.81786	0.32807	0.1400000	 -0.8320200	0.3413764	0.1600000	 -0.7888301	0.2981655	0.1400000	 -0.8218799	0.3279312	0.1400000	-8.151902469E-1	3.237269752E-1	1.400000000E-1	-8.223698820E-1	3.287831238E-1	1.400000000E-1	-8.223698820E-1	3.287831238E-1	1.500000000E-1	-7.858345165E-1	2.987248859E-1	0.1600000	 -0.8321321	0.3372786	0.1600000	 -0.8347045	0.3415773
0.15000	 -0.81201	0.32277	0.1500000	 -0.8269769	0.3367829	0.1700000	 -0.7814768	0.2918612	0.1500000	 -0.8162242	0.3230347	0.1500000	-8.087767964E-1	3.183220661E-1	1.500000000E-1	-8.164276398E-1	3.236086694E-1	1.500000000E-1	-8.164276398E-1	3.236086694E-1	1.600000000E-1	-7.783707634E-1	2.921702620E-1	0.1700000	 -0.8273405	0.3328434	0.1700000	 -0.8304205	0.3374519
0.16000	 -0.80559	0.31718	0.1600000	 -0.8216508	0.3320274	0.1800000	 -0.7736903	0.2850573	0.1600000	 -0.8101893	0.3177809	0.1600000	-8.022882955E-1	3.123183100E-1	1.600000000E-1	-8.104569869E-1	3.182768015E-1	1.600000000E-1	-8.104569869E-1	3.182768015E-1	1.700000000E-1	-7.700714962E-1	2.853500888E-1	0.1800000	 -0.8219783	0.3280456	0.1800000	 -0.8255081	0.3329280
0.17000	 -0.79866	0.31115	0.1700000	 -0.8158076	0.3269771	0.1900000	 -0.7654477	0.2782318	0.1700000	 -0.8037154	0.3121527	0.1700000	-7.954705451E-1	3.067281411E-1	1.700000000E-1	-8.037991260E-1	3.123454117E-1	1.700000000E-1	-8.037991260E-1	3.123454117E-1	1.800000000E-1	-7.614399181E-1	2.781911520E-1	0.1900000	 -0.8163967	0.3231816	0.1900000	 -0.8202785	0.3283401
0.18000	 -0.79168	0.30506	0.1800000	 -0.8099041	0.3220010	0.2000000	 -0.7569312	0.2710950	0.1800000	 -0.7972739	0.3065106	0.1800000	-7.881993094E-1	3.005582309E-1	1.800000000E-1	-7.968172413E-1	3.065823208E-1	1.800000000E-1	-7.968172413E-1	3.065823208E-1	1.900000000E-1	-7.527264659E-1	2.709951758E-1	0.2000000	 -0.8105663	0.3180649	0.2000000	 -0.8146664	0.3232497
0.19000	 -0.78427	0.29878	0.1900000	 -0.8032892	0.3165492	0.2100000	 -0.7480882	0.2638740	0.1900000	 -0.7906455	0.3006028	0.1900000	-7.800994930E-1	2.935712122E-1	1.900000000E-1	-7.896766853E-1	3.002058976E-1	1.900000000E-1	-7.896766853E-1	3.002058976E-1	2.000000000E-1	-7.433669374E-1	2.637422561E-1	0.2100000	 -0.8042982	0.3122965	0.2100000	 -0.8087514	0.3181435
0.20000	 -0.77645	0.29205	0.2000000	 -0.7967468	0.3110254	0.2200000	 -0.7377478	0.2578629	0.2000000	 -0.7831516	0.2944250	0.2000000	-7.716660971E-1	2.866767736E-1	2.000000000E-1	-7.823326004E-1	2.937469277E-1	2.000000000E-1	-7.823326004E-1	2.937469277E-1	2.100000000E-1	-7.329047797E-1	2.575125239E-1	0.2200000	 -0.7972343	0.3062832	0.2200000	 -0.8024681	0.3125208
0.21000	 -0.76833	0.28512	0.2100000	 -0.7896748	0.3048532	0.2300000	 -0.7281286	0.2482771	0.2100000	 -0.7755485	0.2878703	0.2100000	-7.630855161E-1	2.793748144E-1	2.100000000E-1	-7.741055737E-1	2.868414747E-1	2.100000000E-1	-7.741055737E-1	2.868414747E-1	2.200000000E-1	-7.239368605E-1	2.465862758E-1	0.2300000	 -0.7901031	0.3000750	0.2300000	 -0.7961703	0.3071038
0.22000	 -0.75962	0.27804	0.2200000	 -0.7821619	0.2984731	0.2400000	 -0.7187398	0.2395363	0.2200000	 -0.7675495	0.2811640	0.2200000	-7.548260839E-1	2.722613154E-1	2.200000000E-1	-7.656911719E-1	2.799596825E-1	2.200000000E-1	-7.656911719E-1	2.799596825E-1	2.300000000E-1	-7.137061406E-1	2.383250685E-1	0.2400000	 -0.7826705	0.2938009	0.2400000	 -0.7891401	0.3011510
0.23000	 -0.75090	0.27099	0.2300000	 -0.7742027	0.2914386	0.2500000	 -0.7083696	0.2313075	0.2300000	 -0.7586300	0.2741012	0.2300000	-7.450291473E-1	2.659902712E-1	2.300000000E-1	-7.575748369E-1	2.729485677E-1	2.300000000E-1	-7.575748369E-1	2.729485677E-1	2.400000000E-1	-7.027081301E-1	2.296416817E-1	0.2500000	 -0.7751317	0.2874887	0.2500000	 -0.7818720	0.2949778
0.24000	 -0.74235	0.26479	0.2400000	 -0.7658361	0.2845211	0.2600000	 -0.6971931	0.2225431	0.2400000	 -0.7499772	0.2669108	0.2400000	-7.349765226E-1	2.570782930E-1	2.400000000E-1	-7.486862513E-1	2.658407625E-1	2.400000000E-1	-7.486862513E-1	2.658407625E-1	2.500000000E-1	-6.914625592E-1	2.209830809E-1	0.2600000	 -0.7666756	0.2804911	0.2600000	 -0.7738326	0.2881295
0.25000	 -0.73127	0.25639	0.2500000	 -0.7569829	0.2773526	0.2700000	 -0.6861338	0.2140197	0.2500000	 -0.7404590	0.2607095	0.2500000	-7.255693341E-1	2.478646246E-1	2.500000000E-1	-7.381611676E-1	2.595652607E-1	2.500000000E-1	-7.381611676E-1	2.595652607E-1	2.600000000E-1	-6.798277672E-1	2.122508893E-1	0.2700000	 -0.7581449	0.2733645	0.2700000	 -0.7660362	0.2815417
0.26000	 -0.72219	0.24631	0.2600000	 -0.7482228	0.2707060	0.2800000	 -0.6744782	0.2052344	0.2600000	 -0.7297107	0.2537775	0.2600000	-7.157433204E-1	2.397361249E-1	2.600000000E-1	-7.288774849E-1	2.495620789E-1	2.600000000E-1	-7.288774849E-1	2.495620789E-1	2.700000000E-1	-6.676564265E-1	2.030654778E-1	0.2800000	 -0.7494516	0.2662349	0.2800000	 -0.7574653	0.2744925
0.27000	 -0.71177	0.23789	0.2700000	 -0.7395465	0.2637209	0.2900000	 -0.6623497	0.1963864	0.2700000	 -0.7211748	0.2429659	0.2700000	-7.047572661E-1	2.313714201E-1	2.700000000E-1	-7.188171840E-1	2.406339161E-1	2.700000000E-1	-7.188171840E-1	2.406339161E-1	2.800000000E-1	-6.555086234E-1	1.940647397E-1	0.2900000	 -0.7392746	0.2602317	0.2900000	 -0.7489894	0.2672703
0.28000	 -0.70082	0.22939	0.2800000	 -0.7291087	0.2571269	0.3000000	 -0.6498667	0.1873104	0.2800000	 -0.7111016	0.2348675	0.2800000	-6.937490832E-1	2.229828860E-1	2.800000000E-1	-7.084938199E-1	2.327497912E-1	2.800000000E-1	-7.084938199E-1	2.327497912E-1	2.900000000E-1	-6.423244265E-1	1.844273931E-1	0.3000000	 -0.7293546	0.2498823	0.3000000	 -0.7397938	0.2606615
0.29000	 -0.68989	0.22102	0.2900000	 -0.7198548	0.2460350	0.3100000	 -0.6367554	0.1778978	0.2900000	 -0.7001904	0.2263089	0.2900000	-6.821494198E-1	2.141278126E-1	2.900000000E-1	-6.973824648E-1	2.243922881E-1	2.900000000E-1	-6.973824648E-1	2.243922881E-1	3.000000000E-1	-6.288101853E-1	1.749236902E-1	0.3100000	 -0.7197992	0.2413489	0.3100000	 -0.7294724	0.2525404
0.30000	 -0.67833	0.21223	0.3000000	 -0.7094675	0.2379815	0.3200000	 -0.6233832	0.1688579	0.3000000	 -0.6887713	0.2180682	0.3000000	-6.698456811E-1	2.049364224E-1	3.000000000E-1	-6.855697794E-1	2.154947967E-1	3.000000000E-1	-6.855697794E-1	2.154947967E-1	3.100000000E-1	-6.153777221E-1	1.659697686E-1	0.3200000	 -0.7094096	0.2331995	0.3200000	 -0.7203225	0.2430674
0.31000	 -0.66612	0.20287	0.3100000	 -0.6985972	0.2294039	0.3300000	 -0.6095986	0.1596637	0.3100000	 -0.6773517	0.2094513	0.3100000	-6.574892620E-1	1.962721248E-1	3.100000000E-1	-6.738258587E-1	2.065499496E-1	3.100000000E-1	-6.738258587E-1	2.065499496E-1	3.200000000E-1	-6.009793924E-1	1.564199714E-1	0.3300000	 -0.6984055	0.2245531	0.3300000	 -0.7100171	0.2349448
0.32000	 -0.65389	0.19395	0.3200000	 -0.6871307	0.2201638	0.3400000	 -0.5954915	0.1504276	0.3200000	 -0.6651987	0.2004250	0.3200000	-6.443100832E-1	1.867974179E-1	3.200000000E-1	-6.618777260E-1	1.980819320E-1	3.200000000E-1	-6.618777260E-1	1.980819320E-1	3.300000000E-1	-5.861298051E-1	1.469419563E-1	0.3400000	 -0.6871251	0.2160990	0.3400000	 -0.6991183	0.2262521
0.33000	 -0.64056	0.18465	0.3300000	 -0.6753179	0.2115147	0.3500000	 -0.5806928	0.1410133	0.3300000	 -0.6529173	0.1914225	0.3300000	-6.317164418E-1	1.780769893E-1	3.300000000E-1	-6.490855149E-1	1.886196449E-1	3.300000000E-1	-6.490855149E-1	1.886196449E-1	3.400000000E-1	-5.714861814E-1	1.379984105E-1	0.3500000	 -0.6754211	0.2073044	0.3500000	 -0.6880789	0.2177803
0.34000	 -0.62720	0.17519	0.3400000	 -0.6634099	0.2025915	0.3600000	 -0.5659056	0.1322732	0.3400000	 -0.6400616	0.1816602	0.3400000	-6.175583481E-1	1.684916933E-1	3.400000000E-1	-6.364279213E-1	1.797742935E-1	3.400000000E-1	-6.364279213E-1	1.797742935E-1	3.500000000E-1	-5.560896263E-1	1.285134284E-1	0.3600000	 -0.6634116	0.1985198	0.3600000	 -0.6763809	0.2090285
0.35000	 -0.61386	0.16604	0.3500000	 -0.6507841	0.1937038	0.3700000	 -0.5509543	0.1248338	0.3500000	 -0.6270416	0.1729761	0.3500000	-6.030319151E-1	1.589870880E-1	3.500000000E-1	-6.225176478E-1	1.701187106E-1	3.500000000E-1	-6.225176478E-1	1.701187106E-1	3.600000000E-1	-5.395757117E-1	1.200908824E-1	0.3700000	 -0.6507771	0.1895742	0.3700000	 -0.6648764	0.2004625
0.36000	 -0.59925	0.15660	0.3600000	 -0.6383691	0.1843228	0.3800000	 -0.5342198	0.1137672	0.3600000	 -0.6131453	0.1634922	0.3600000	-5.888419383E-1	1.500545132E-1	3.600000000E-1	-6.089581907E-1	1.614017843E-1	3.600000000E-1	-6.089581907E-1	1.614017843E-1	3.700000000E-1	-5.240085397E-1	1.100325648E-1	0.3800000	 -0.6380205	0.1803145	0.3800000	 -0.6519996	0.1909896
0.37000	 -0.58447	0.14720	0.3700000	 -0.6248306	0.1749711	0.3900000	 -0.5179063	0.1046017	0.3700000	 -0.5989262	0.1542381	0.3700000	-5.736765839E-1	1.410585998E-1	3.700000000E-1	-5.945641796E-1	1.519089751E-1	3.700000000E-1	-5.945641796E-1	1.519089751E-1	3.800000000E-1	-5.070482747E-1	1.011817103E-1	0.3900000	 -0.6242866	0.1708535	0.3900000	 -0.6395835	0.1822545
0.38000	 -0.57000	0.13843	0.3800000	 -0.6107439	0.1657427	0.4000000	 -0.5011973	0.0961047	0.3800000	 -0.5846051	0.1451016	0.3800000	-5.591014362E-1	1.320957246E-1	3.800000000E-1	-5.799226050E-1	1.428099461E-1	3.800000000E-1	-5.799226050E-1	1.428099461E-1	3.900000000E-1	-4.900453454E-1	9.291663042E-2	0.4000000	 -0.6107585	0.1621133	0.4000000	 -0.6262561	0.1728624
0.39000	 -0.55445	0.12891	0.3900000	 -0.5969573	0.1565122	0.4100000	 -0.4841838	0.0877590	0.3900000	 -0.5698029	0.1363141	0.3900000	-5.416144602E-1	1.225045494E-1	3.900000000E-1	-5.647706097E-1	1.338314802E-1	3.900000000E-1	-5.647706097E-1	1.338314802E-1	4.000000000E-1	-4.721813028E-1	8.457160158E-2	0.4100000	 -0.5962480	0.1526203	0.4100000	 -0.6129812	0.1639762
0.40000	 -0.53723	0.11889	0.4000000	 -0.5823940	0.1470584	0.4200000	 -0.4664043	0.0799311	0.4000000	 -0.5546234	0.1269265	0.4000000	-5.263050142E-1	1.131081681E-1	4.000000000E-1	-5.497830876E-1	1.261455121E-1	4.000000000E-1	-5.497830876E-1	1.261455121E-1	4.100000000E-1	-4.535808861E-1	7.726487495E-2	0.4200000	 -0.5819393	0.1435827	0.4200000	 -0.5985629	0.1543669
0.41000	 -0.52130	0.10961	0.4100000	 -0.5675872	0.1383260	0.4300000	 -0.4479504	0.0728575	0.4100000	 -0.5375152	0.1189384	0.4100000	-5.095450454E-1	1.042757265E-1	4.100000000E-1	-5.331510594E-1	1.154001156E-1	4.100000000E-1	-5.331510594E-1	1.154001156E-1	4.200000000E-1	-4.349093892E-1	7.115080241E-2	0.4300000	 -0.5666672	0.1346381	0.4300000	 -0.5837355	0.1451992
0.42000	 -0.50463	0.10076	0.4200000	 -0.5522821	0.1287452	0.4400000	 -0.4289708	0.0667897	0.4200000	 -0.5225951	0.1086247	0.4200000	-4.925050825E-1	9.565890851E-2	4.200000000E-1	-5.163166355E-1	1.062251084E-1	4.200000000E-1	-5.163166355E-1	1.062251084E-1	4.300000000E-1	-4.157705816E-1	6.609130461E-2	0.4400000	 -0.5521956	0.1261283	0.4400000	 -0.5693540	0.1361700
0.43000	 -0.48747	0.09224	0.4300000	 -0.5354425	0.1204737	0.4500000	 -0.4094729	0.0621249	0.4300000	 -0.5059952	0.0998882	0.4300000	-4.751625393E-1	8.821011981E-2	4.300000000E-1	-4.997995154E-1	9.743920729E-2	4.300000000E-1	-4.997995154E-1	9.743920729E-2	4.400000000E-1	-3.960479638E-1	6.259899071E-2	0.4500000	 -0.5349441	0.1159890	0.4500000	 -0.5539492	0.1268650
0.44000	 -0.46938	0.08402	0.4400000	 -0.5204979	0.1103610	0.4600000	 -0.3897803	0.0593559	0.4400000	 -0.4890263	0.0914753	0.4400000	-4.571498489E-1	8.093737583E-2	4.400000000E-1	-4.825530434E-1	8.926695001E-2	4.400000000E-1	-4.825530434E-1	8.926695001E-2	4.500000000E-1	-3.758116253E-1	6.094837345E-2	0.4600000	 -0.5187452	0.1064984	0.4600000	 -0.5366243	0.1172894
0.45000	 -0.45097	0.07677	0.4500000	 -0.5034524	0.1014805	0.4700000	 -0.3703791	0.0587616	0.4500000	 -0.4711797	0.0834279	0.4500000	-4.381222348E-1	7.459938886E-2	4.500000000E-1	-4.648784907E-1	8.138664342E-2	4.500000000E-1	-4.648784907E-1	8.138664342E-2	4.600000000E-1	-3.559788644E-1	6.143299057E-2	0.4700000	 -0.5019829	0.0978698	0.4700000	 -0.5219814	0.1081678
0.46000	 -0.43230	0.07052	0.4600000	 -0.4863032	0.0932766	0.4800000	 -0.3504026	0.0588831	0.4600000	 -0.4531619	0.0761344	0.4600000	-4.185976166E-1	6.993062211E-2	4.600000000E-1	-4.460152328E-1	7.456090129E-2	4.600000000E-1	-4.460152328E-1	7.456090129E-2	4.700000000E-1	-3.355640133E-1	6.318634465E-2	0.4800000	 -0.4849527	0.0895191	0.4800000	 -0.5052449	0.0994759
0.47000	 -0.41268	0.06571	0.4700000	 -0.4688187	0.0852576	0.4900000	 -0.3300787	0.0616515	0.4700000	 -0.4348660	0.0698588	0.4700000	-3.990836016E-1	6.659853898E-2	4.700000000E-1	-4.275706204E-1	6.918093742E-2	4.700000000E-1	-4.275706204E-1	6.918093742E-2	4.800000000E-1	-3.161829781E-1	6.712880197E-2	0.4900000	 -0.4675706	0.0816595	0.4900000	 -0.4882391	0.0910393
0.48000	 -0.39358	0.06249	0.4800000	 -0.4506941	0.0777528	0.5000000	 -0.3114526	0.0655379	0.4800000	 -0.4157128	0.0647054	0.4800000	-3.794431301E-1	6.518055242E-2	4.800000000E-1	-4.080319984E-1	6.460602584E-2	4.800000000E-1	-4.080319984E-1	6.460602584E-2	4.900000000E-1	-2.976372556E-1	7.216072810E-2	0.5000000	 -0.4489468	0.0745407	0.5000000	 -0.4703399	0.0827203
0.49000	 -0.37320	0.06130	0.4900000	 -0.4321799	0.0716165	0.5100000	 -0.2931476	0.0707231	0.4900000	 -0.3961386	0.0613028	0.4900000	-3.588792586E-1	6.560336341E-2	4.900000000E-1	-3.878478699E-1	6.212535929E-2	4.900000000E-1	-3.878478699E-1	6.212535929E-2	5.000000000E-1	-2.792116637E-1	7.840481151E-2	0.5100000	 -0.4299506	0.0685326	0.5100000	 -0.4520383	0.0754138
0.50000	 -0.35277	0.06187	0.5000000	 -0.4131832	0.0666167	0.5200000	 -0.2749246	0.0773435	0.5000000	 -0.3759948	0.0593176	0.5000000	-3.388137201E-1	6.764187360E-2	5.000000000E-1	-3.678642594E-1	6.291587276E-2	5.000000000E-1	-3.678642594E-1	6.291587276E-2	5.100000000E-1	-2.618628495E-1	8.560407222E-2	0.5200000	 -0.4105918	0.0639885	0.5200000	 -0.4334124	0.0693425
0.51000	 -0.33256	0.06416	0.5100000	 -0.3935626	0.0631127	0.5300000	 -0.2579924	0.0847594	0.5100000	 -0.3561226	0.0599967	0.5100000	-3.197604290E-1	7.146637960E-2	5.100000000E-1	-3.483841453E-1	6.262923664E-2	5.100000000E-1	-3.483841453E-1	6.262923664E-2	5.200000000E-1	-2.452879404E-1	9.329879682E-2	0.5300000	 -0.3910334	0.0610161	0.5300000	 -0.4142084	0.0642719
0.52000	 -0.31369	0.06822	0.5200000	 -0.3730933	0.0612831	0.5400000	 -0.2413814	0.0925100	0.5200000	 -0.3358320	0.0615156	0.5200000	-3.006456777E-1	7.704271239E-2	5.200000000E-1	-3.278332802E-1	6.560042772E-2	5.200000000E-1	-3.278332802E-1	6.560042772E-2	5.300000000E-1	-2.287564270E-1	1.014559264E-1	0.5400000	 -0.3716343	0.0599776	0.5400000	 -0.3946352	0.0608391
0.53000	 -0.29448	0.07379	0.5300000	 -0.3538034	0.0617319	0.5500000	 -0.2252790	0.1007745	0.5300000	 -0.3168173	0.0650339	0.5300000	-2.828194065E-1	8.356560516E-2	5.300000000E-1	-3.090223726E-1	7.009908182E-2	5.300000000E-1	-3.090223726E-1	7.009908182E-2	5.400000000E-1	-2.132103741E-1	1.099824887E-1	0.5500000	 -0.3515780	0.0601809	0.5500000	 -0.3746693	0.0588513
0.54000	 -0.27668	0.08024	0.5400000	 -0.3333061	0.0635011	0.5600000	 -0.2096837	0.1092914	0.5400000	 -0.2980368	0.0701110	0.5400000	-2.653975376E-1	9.068811858E-2	5.400000000E-1	-2.910023579E-1	7.576856261E-2	5.400000000E-1	-2.910023579E-1	7.576856261E-2	5.500000000E-1	-1.975734980E-1	1.184673397E-1	0.5600000	 -0.3310878	0.0626423	0.5600000	 -0.3543188	0.0596493
0.55000	 -0.25931	0.08756	0.5500000	 -0.3136504	0.0675143	0.5700000	 -0.1945595	0.1175273	0.5500000	 -0.2797940	0.0763088	0.5500000	-2.486784998E-1	9.854815736E-2	5.500000000E-1	-2.727315142E-1	8.259900262E-2	5.500000000E-1	-2.727315142E-1	8.259900262E-2	5.600000000E-1	-1.836672684E-1	1.279095620E-1	0.5700000	 -0.3122142	0.0668295	0.5700000	 -0.3344187	0.0609004
0.56000	 -0.24198	0.09574	0.5600000	 -0.2951700	0.0727887	0.5800000	 -0.1802430	0.1284519	0.5600000	 -0.2625233	0.0834070	0.5600000	-2.325039965E-1	1.067114129E-1	5.600000000E-1	-2.557928397E-1	9.014509224E-2	5.600000000E-1	-2.557928397E-1	9.014509224E-2	5.700000000E-1	-1.683682757E-1	1.352327258E-1	0.5800000	 -0.2943348	0.0720541	0.5800000	 -0.3153789	0.0647390
0.57000	 -0.22580	0.10424	0.5700000	 -0.2771922	0.0790326	0.5900000	 -0.1657313	0.1346936	0.5700000	 -0.2459029	0.0910392	0.5700000	-2.169914056E-1	1.150814474E-1	5.700000000E-1	-2.390564992E-1	9.833558371E-2	5.700000000E-1	-2.390564992E-1	9.833558371E-2	5.800000000E-1	-1.537065066E-1	1.440828594E-1	0.5900000	 -0.2761709	0.0782451	0.5900000	 -0.2966401	0.0697782
0.58000	 -0.21042	0.11267	0.5800000	 -0.2596550	0.0862007	0.6000000	 -0.1513828	0.1433740	0.5800000	 -0.2295829	0.0991927	0.5800000	-2.013726084E-1	1.236960891E-1	5.800000000E-1	-2.228975491E-1	1.067440126E-1	5.800000000E-1	-2.228975491E-1	1.067440126E-1	5.900000000E-1	-1.404424649E-1	1.519260695E-1	0.6000000	 -0.2588626	0.0855074	0.6000000	 -0.2784399	0.0759339
0.59000	 -0.19491	0.12126	0.5900000	 -0.2431664	0.0940123	0.6100000	 -0.1377743	0.1514163	0.5900000	 -0.2142455	0.1075087	0.5900000	-1.870293922E-1	1.347087710E-1	5.900000000E-1	-2.073352415E-1	1.152685606E-1	5.900000000E-1	-2.073352415E-1	1.152685606E-1	6.000000000E-1	-1.268354982E-1	1.596777480E-1	0.6100000	 -0.2423965	0.0929207	0.6100000	 -0.2609434	0.0828147
0.60000	 -0.18041	0.13251	0.6000000	 -0.2269738	0.1020153	0.6200000	 -0.1244920	0.1590772	0.6000000	 -0.1994742	0.1152585	0.6000000	-1.722488795E-1	1.405346925E-1	6.000000000E-1	-1.927350884E-1	1.236602683E-1	6.000000000E-1	-1.927350884E-1	1.236602683E-1	6.100000000E-1	-1.133771427E-1	1.671851428E-1	0.6200000	 -0.2261124	0.1013384	0.6200000	 -0.2441826	0.0905221
0.61000	 -0.16524	0.13808	0.6100000	 -0.2114245	0.1105434	0.6300000	 -0.1112861	0.1665229	0.6100000	 -0.1857813	0.1243719	0.6100000	-1.578100439E-1	1.491760338E-1	6.100000000E-1	-1.776946987E-1	1.330322780E-1	6.100000000E-1	-1.776946987E-1	1.330322780E-1	6.200000000E-1	-1.000506144E-1	1.743882775E-1	0.6300000	 -0.2103594	0.1097903	0.6300000	 -0.2279150	0.0985389
0.62000	 -0.15103	0.14704	0.6200000	 -0.1956490	0.1190716	0.6400000	 -0.0978641	0.1735267	0.6200000	 -0.1703133	0.1320102	0.6200000	-1.440448560E-1	1.573710603E-1	6.200000000E-1	-1.631378090E-1	1.405202354E-1	6.200000000E-1	-1.631378090E-1	1.405202354E-1	6.300000000E-1	-8.721588014E-2	1.809167578E-1	0.6400000	 -0.1948899	0.1179194	0.6400000	 -0.2124836	0.1069996
0.63000	 -0.13733	0.15517	0.6300000	 -0.1820608	0.1295538	0.6500000	 -0.0853221	0.1797926	0.6300000	 -0.1558300	0.1404021	0.6300000	-1.308108229E-1	1.650548915E-1	6.300000000E-1	-1.490793304E-1	1.492899324E-1	6.300000000E-1	-1.490793304E-1	1.492899324E-1	6.400000000E-1	-7.448054826E-2	1.867235455E-1	0.6500000	 -0.1813188	0.1285583	0.6500000	 -0.1968034	0.1155517
0.64000	 -0.12387	0.16289	0.6400000	 -0.1669035	0.1358245	0.6600000	 -0.0724661	0.1857770	0.6400000	 -0.1424094	0.1482251	0.6400000	-1.174118942E-1	1.728938658E-1	6.400000000E-1	-1.360134721E-1	1.571495387E-1	6.400000000E-1	-1.360134721E-1	1.571495387E-1	6.500000000E-1	-6.161630355E-2	1.920174548E-1	0.6600000	 -0.1663575	0.1344349	0.6600000	 -0.1831995	0.1248210
0.65000	 -0.11080	0.17048	0.6500000	 -0.1520968	0.1446252	0.6700000	 -0.0597755	0.1907485	0.6500000	 -0.1287518	0.1560536	0.6500000	-1.051686141E-1	1.796411848E-1	6.500000000E-1	-1.227325698E-1	1.645373866E-1	6.500000000E-1	-1.227325698E-1	1.645373866E-1	6.600000000E-1	-4.816352130E-2	1.965030275E-1	0.6700000	 -0.1516732	0.1430315	0.6700000	 -0.1676495	0.1324547
0.66000	 -0.09799	0.17734	0.6600000	 -0.1382416	0.1526519	0.6800000	 -0.0466092	0.1952446	0.6600000	 -0.1154139	0.1634383	0.6600000	-9.185653236E-2	1.861725182E-1	6.600000000E-1	-1.092270657E-1	1.717448198E-1	6.600000000E-1	-1.092270657E-1	1.717448198E-1	6.700000000E-1	-3.569963957E-2	2.004281852E-1	0.6800000	 -0.1379813	0.1511128	0.6800000	 -0.1533828	0.1410839
0.67000	 -0.08517	0.18357	0.6700000	 -0.1252395	0.1603538	0.6900000	 -0.0342790	0.1993152	0.6700000	 -0.1022567	0.1706902	0.6700000	-7.893433176E-2	1.917072621E-1	6.700000000E-1	-9.567798395E-2	1.786541212E-1	6.700000000E-1	-9.567798395E-2	1.786541212E-1	6.800000000E-1	-2.304631605E-2	2.039449110E-1	0.6900000	 -0.1248659	0.1586466	0.6900000	 -0.1396221	0.1491500
0.68000	 -0.07179	0.18924	0.6800000	 -0.1119869	0.1677394	0.7000000	 -0.0219213	0.2021867	0.6800000	 -0.0897576	0.1768236	0.6800000	-6.604436445E-2	1.972607709E-1	6.800000000E-1	-8.307179761E-2	1.846803618E-1	6.800000000E-1	-8.307179761E-2	1.846803618E-1	6.900000000E-1	-9.941733059E-3	2.071886760E-1	0.7000000	 -0.1115049	0.1660241	0.7000000	 -0.1264629	0.1569859
0.69000	 -0.05926	0.19447	0.6900000	 -0.0979163	0.1750587	0.7100000	 -0.0094732	0.2044218	0.6900000	 -0.0766657	0.1828703	0.6900000	-5.376782916E-2	2.025414131E-1	6.900000000E-1	-7.008910007E-2	1.904986730E-1	6.900000000E-1	-7.008910007E-2	1.904986730E-1	7.000000000E-1	2.409894683E-3	2.095226295E-1	0.7100000	 -0.0980870	0.1732084	0.7100000	 -0.1131741	0.1643947
0.70000	 -0.04685	0.19933	0.7000000	 -0.0848326	0.1814571	0.7200000	0.0025457	0.2063937	0.7000000	 -0.0638361	0.1883164	0.7000000	-4.121053618E-2	2.070443050E-1	7.000000000E-1	-5.730450799E-2	1.953286349E-1	7.000000000E-1	-5.730450799E-2	1.953286349E-1	7.100000000E-1	1.601198435E-2	2.111559101E-1	0.7200000	 -0.0850463	0.1795821	0.7200000	 -0.1001333	0.1714815
0.71000	 -0.03438	0.20393	0.7100000	 -0.0718450	0.1870654	0.7300000	0.0167828	0.2065580	0.7100000	 -0.0506718	0.1927004	0.7100000	-2.861760675E-2	2.105321989E-1	7.100000000E-1	-4.476184746E-2	1.998518806E-1	7.100000000E-1	-4.476184746E-2	1.998518806E-1	7.200000000E-1	2.864014827E-2	2.104993613E-1	0.7300000	 -0.0722534	0.1853299	0.7300000	 -0.0872026	0.1783101
0.72000	 -0.02164	0.20738	0.7200000	 -0.0592940	0.1921024	0.7400000	0.0285905	0.2062058	0.7200000	 -0.0378350	0.1977428	0.7200000	-1.556580110E-2	2.129621139E-1	7.200000000E-1	-3.205574882E-2	2.030691926E-1	7.200000000E-1	-3.205574882E-2	2.030691926E-1	7.300000000E-1	4.116013922E-2	2.094089031E-1	0.7400000	 -0.0595658	0.1905217	0.7400000	 -0.0743030	0.1844987
0.73000	 -0.00865	0.20975	0.7300000	 -0.0462233	0.1970604	0.7500000	0.0408713	0.2049739	0.7300000	 -0.0247814	0.2010593	0.7300000	-3.757067743E-3	2.145010294E-1	7.300000000E-1	-1.905464296E-2	2.059154165E-1	7.300000000E-1	-1.905464296E-2	2.059154165E-1	7.400000000E-1	5.368114099E-2	2.078764481E-1	0.7500000	 -0.0463253	0.1949604	0.7500000	 -0.0616752	0.1894614
0.74000	0.00302	0.21095	0.7400000	 -0.0332002	0.2011691	0.7600000	0.0532669	0.2029840	0.7400000	 -0.0114135	0.2036636	0.7400000	9.026601794E-3	2.157746286E-1	7.400000000E-1	-6.621517162E-3	2.079528036E-1	7.400000000E-1	-6.621517162E-3	2.079528036E-1	7.500000000E-1	6.644623017E-2	2.052454325E-1	0.7600000	 -0.0336141	0.1989067	0.7600000	 -0.0487364	0.1942668
0.75000	0.01643	0.21242	0.7500000	 -0.0200427	0.2043754	0.7700000	0.0659335	0.1998527	0.7500000	0.0011372	0.2055992	0.7500000	2.153554012E-2	2.148856153E-1	7.500000000E-1	5.063662763E-3	2.097148250E-1	7.500000000E-1	5.063662763E-3	2.097148250E-1	7.600000000E-1	7.938292333E-2	2.014487213E-1	0.7700000	 -0.0206745	0.2023936	0.7700000	 -0.0366517	0.1983942
0.76000	0.02840	0.21151	0.7600000	 -0.0068617	0.2065492	0.7800000	0.0781869	0.1958065	0.7600000	0.0136288	0.2062777	0.7600000	3.424984548E-2	2.135743418E-1	7.600000000E-1	2.017967915E-2	2.099031137E-1	7.600000000E-1	2.017967915E-2	2.099031137E-1	7.700000000E-1	9.218926425E-2	1.968316268E-1	0.7800000	 -0.0081130	0.2049614	0.7800000	 -0.0242141	0.2019323
0.77000	0.04097	0.21021	0.7700000	0.0040351	0.2086199	0.7900000	0.0904545	0.1907218	0.7700000	0.0263556	0.2084403	0.7700000	4.654126103E-2	2.111151190E-1	7.700000000E-1	3.219835382E-2	2.085544904E-1	7.700000000E-1	3.219835382E-2	2.085544904E-1	7.800000000E-1	1.043894241E-1	1.916117153E-1	0.7900000	0.0039982	0.2071987	0.7900000	 -0.0110486	0.2050659
0.78000	0.05353	0.20785	0.7800000	0.0178265	0.2076346	0.8000000	0.1031421	0.1848744	0.7800000	0.0384520	0.2083129	0.7800000	5.847403262E-2	2.080653161E-1	7.800000000E-1	4.436039152E-2	2.068993489E-1	7.800000000E-1	4.436039152E-2	2.068993489E-1	7.900000000E-1	1.171522041E-1	1.854462838E-1	0.8000000	0.0179168	0.2087455	0.8000000	0.0010115	0.2068890
0.79000	0.06584	0.20455	0.7900000	0.0319609	0.2091856	0.8100000	0.1153904	0.1786345	0.7900000	0.0507766	0.2072134	0.7900000	7.068557051E-2	2.043499990E-1	7.900000000E-1	5.692068967E-2	2.043029376E-1	7.900000000E-1	5.692068967E-2	2.043029376E-1	8.000000000E-1	1.301831540E-1	1.783645481E-1	0.8100000	0.0304498	0.2077158	0.8100000	0.0136490	0.2085316
0.80000	0.07790	0.20051	0.8000000	0.0446439	0.2079723	0.8200000	0.1280043	0.1714595	0.8000000	0.0632283	0.2049822	0.8000000	8.296627894E-2	1.999477071E-1	8.000000000E-1	6.969212879E-2	2.007305225E-1	8.000000000E-1	6.969212879E-2	2.007305225E-1	8.100000000E-1	1.430927499E-1	1.698512761E-1	0.8200000	0.0430520	0.2063709	0.8200000	0.0265801	0.2077430
0.81000	0.09024	0.19573	0.8100000	0.0571049	0.2060328	0.8300000	0.1411075	0.1631636	0.8100000	0.0751979	0.2021940	0.8100000	9.565763785E-2	1.939404816E-1	8.100000000E-1	8.273877094E-2	1.960055646E-1	8.100000000E-1	8.273877094E-2	1.960055646E-1	8.200000000E-1	1.555357518E-1	1.608268995E-1	0.8300000	0.0552350	0.2044813	0.8300000	0.0387812	0.2066328
0.82000	0.10296	0.18966	0.8200000	0.0699433	0.2031434	0.8400000	0.1542398	0.1556108	0.8200000	0.0872409	0.1985784	0.8200000	1.082958893E-1	1.870200709E-1	8.200000000E-1	9.500014753E-2	1.906470364E-1	8.200000000E-1	9.500014753E-2	1.906470364E-1	8.300000000E-1	1.675556584E-1	1.517072205E-1	0.8400000	0.0680103	0.2018361	0.8400000	0.0510597	0.2050236
0.83000	0.11491	0.18283	0.8300000	0.0829198	0.1995101	0.8500000	0.1656813	0.1486203	0.8300000	0.0996192	0.1939546	0.8300000	1.205318589E-1	1.797335223E-1	8.300000000E-1	1.074144053E-1	1.846527723E-1	8.300000000E-1	1.074144053E-1	1.846527723E-1	8.400000000E-1	1.799895726E-1	1.414563456E-1	0.8500000	0.0807664	0.1977645	0.8500000	0.0636779	0.2019849
0.84000	0.12724	0.17556	0.8400000	0.0958309	0.1943880	0.8600000	0.1788927	0.1396691	0.8400000	0.1116992	0.1886069	0.8400000	1.326542651E-1	1.720696078E-1	8.400000000E-1	1.204313742E-1	1.775400405E-1	8.400000000E-1	1.204313742E-1	1.775400405E-1	8.500000000E-1	1.934236598E-1	1.330654480E-1	0.8600000	0.0933593	0.1928558	0.8600000	0.0761637	0.1981161
0.85000	0.14002	0.16781	0.8500000	0.1084520	0.1886196	0.8700000	0.1929521	0.1299828	0.8500000	0.1241064	0.1818132	0.8500000	1.463492567E-1	1.640975165E-1	8.500000000E-1	1.329761159E-1	1.700863693E-1	8.500000000E-1	1.329761159E-1	1.700863693E-1	8.600000000E-1	2.083034370E-1	1.268859231E-1	0.8700000	0.1058600	0.1871191	0.8700000	0.0884932	0.1934560