0.0	-0.8938921894	0.39069555370000003	0.01	-0.8955797106000001	0.3993865411	0.01	-0.8879204033000001	0.38865334030000004	0.01	-0.8892646334000001	0.3850301735	0.0	-0.902172302	0.3967601044	0.01	-0.8880784469	0.39240122350000006	0.01	-0.8781006622	0.38649914220000003	0.01	-0.8903225107000001	0.3943678034	0.01	-0.882677635	0.3856418109	0.01	-0.8925812969000001	0.38833840610000003	
0.01	-0.892306252	0.3889912299	0.02	-0.8935166266	0.39726864320000005	0.02	-0.8853364908	0.3862196294	0.02	-0.8860943926	0.3821643997	0.01	-0.8921846035000001	0.3921503974	0.02	-0.8852506655	0.38981061810000006	0.02	-0.8746109686000001	0.38331990060000004	0.02	-0.8873888602	0.39180541020000004	0.02	-0.8793060730000001	0.38275768800000004	0.02	-0.8889516900000001	0.3849926547	
0.02	-0.8900746958	0.38692198580000003	0.03	-0.8909983104000001	0.3950511916	0.03	-0.8821264026	0.3834951881	0.03	-0.8823652420000001	0.3789220134	0.02	-0.8895980337	0.38972825800000005	0.03	-0.8818294026000001	0.38665429160000003	0.03	-0.8709513735000001	0.3799597891	0.03	-0.883990667	0.38856097200000006	0.03	-0.8757094052	0.37952406070000005	0.03	-0.8851660371	0.3813621068	
0.03	-0.8872478639000001	0.38453884860000004	0.04	-0.8883328560000001	0.3924236501	0.04	-0.8785450274000001	0.3802223283	0.04	-0.8784435899	0.37547144590000003	0.03	-0.8863375380000001	0.3869936888	0.04	-0.8782714401	0.3834062575	0.04	-0.8669508145	0.3764202729	0.04	-0.8803314369000002	0.3851653809	0.04	-0.8717330146000001	0.37598541430000004	0.04	-0.8810804367	0.37770044340000003	
0.04	-0.8843531284999999	0.3817026215	0.05	-0.8853630603	0.3896921727	0.05	-0.8746341108	0.3767986064	0.05	-0.8744003557	0.3719333148	0.04	-0.8827018096	0.3837552939	0.05	-0.8741922282000001	0.3801105308	0.05	-0.8624070728	0.37234128710000003	0.05	-0.8761715719000001	0.3814575404	0.05	-0.8674019796	0.37222430050000005	0.05	-0.8767119257	0.37371012400000003	
0.05	-0.8807021037	0.37865869100000005	0.06	-0.8818934726000001	0.3866177376	0.06	-0.8707002894000001	0.37310266290000005	0.06	-0.8699343656	0.36795040710000004	0.05	-0.8787692636	0.38029566670000003	0.06	-0.8699244714000001	0.3762424285	0.06	-0.857712974	0.3681000004	0.06	-0.871878971	0.37739725030000004	0.06	-0.8625724369000001	0.36825479930000005	0.06	-0.8719381255	0.3691231823	
0.06	-0.8769460708000001	0.3752613152	0.07	-0.8781917738000001	0.3831619706	0.07	-0.8662715278	0.36908113600000003	0.07	-0.8650461242	0.36344956570000003	0.06	-0.874821908	0.37668437140000005	0.07	-0.8651151455999999	0.37194170560000006	0.07	-0.8525592275	0.36352371940000006	0.07	-0.8671009503000001	0.37321982010000004	0.07	-0.8574604194000002	0.3637561829	0.07	-0.8669575526	0.3648547807	
0.07	-0.8729022349	0.37158794650000004	0.08	-0.8739754235	0.37952616390000005	0.08	-0.8614400323	0.36462010860000005	0.08	-0.8599560016000001	0.35881816130000005	0.07	-0.8702709351	0.3726593254	0.08	-0.8600755744000002	0.3675274955	0.08	-0.8472212446	0.3588109973	0.08	-0.8618780020000001	0.36868703280000004	0.08	-0.8522282165	0.3589574284	0.08	-0.8612970392	0.360081943	
0.08	-0.8685797445000001	0.36769540580000004	0.09	-0.8697420320000001	0.3754158333	0.09	-0.8565337105999999	0.36029187020000003	0.09	-0.8543853352999999	0.35359505620000004	0.08	-0.865550646	0.3681310051	0.09	-0.8547113738000001	0.36299841650000003	0.09	-0.8416460689999999	0.3536693084	0.09	-0.8562595878	0.3637156507	0.09	-0.8463822505	0.3539538956	0.09	-0.8557424449000002	0.3550962615	
0.09	-0.8640630552999999	0.36353966560000006	0.1	-0.8651161971000001	0.3713580349	0.1	-0.8512773916	0.3556229541	0.1	-0.8485155524	0.34845284190000003	0.09	-0.8604961573000001	0.3638324267	0.1	-0.8489835830000001	0.35779530670000004	0.1	-0.8354315385	0.3480241616	0.1	-0.8502323262000001	0.35836576810000004	0.1	-0.8401854034	0.34848129590000004	0.1	-0.8496636433000001	0.3494496387	
0.1	-0.8588689201999999	0.3592025795	0.11000000000000001	-0.8601797770999999	0.366815785	0.11000000000000001	-0.8454915065	0.350395053	0.11000000000000001	-0.8420179495	0.3426462377	0.1	-0.8549291444	0.3588010703	0.11000000000000001	-0.8428879468	0.3523110505	0.11000000000000001	-0.8292591955000002	0.34240291250000005	0.11000000000000001	-0.8438790694	0.35288300260000005	0.11000000000000001	-0.8340624829	0.34286483510000004	0.11000000000000001	-0.8428679073	0.3433628039	
0.11000000000000001	-0.8537125237000001	0.354506309	0.12	-0.8550422815	0.361999558	0.12	-0.8392609667	0.34499776930000003	0.12	-0.8355694392	0.3368202094	0.11000000000000001	-0.8486723335000002	0.3533436067	0.12	-0.8364483707	0.346663693	0.12	-0.8223015498000001	0.3363712118	0.12	-0.8371804126000001	0.3467819514	0.12	-0.8273897142	0.33703552470000003	0.12	-0.8360098253000001	0.33730075870000004	
0.12	-0.8479964779	0.3494750514	0.13	-0.8494255415	0.3568401511	0.13	-0.832657031	0.3393403481	0.13	-0.8286270838	0.3304694979	0.12	-0.8425757347	0.3478990639	0.13	-0.8296420587000001	0.3404165257	0.13	-0.8149249373	0.32979739100000005	0.13	-0.8300895128000001	0.34089946120000003	0.13	-0.8205550851000001	0.3308455175	0.13	-0.8291321298000001	0.33099506060000006	
0.13	-0.8420739813000001	0.3440914103	0.13999999999999999	-0.8433583928999999	0.3512406161	0.13999999999999999	-0.8258512699000001	0.3329627082	0.13999999999999999	-0.8214351378	0.324273338	0.13	-0.8359840357	0.3421890422	0.13999999999999999	-0.8225401949000001	0.3339871508	0.13999999999999999	-0.8076187279000001	0.3232575876	0.13999999999999999	-0.8229857450000001	0.334587954	0.13999999999999999	-0.8132795290000001	0.3243068685	0.13999999999999999	-0.8212318239	0.32388299410000004	
0.13999999999999999	-0.8357122551	0.33855742580000003	0.15000000000000002	-0.8370285190000001	0.3455047664	0.15000000000000002	-0.8186125154999999	0.32669135740000005	0.15000000000000002	-0.8138469297	0.3175866102	0.13999999999999999	-0.8288973390000001	0.3360974732	0.15000000000000002	-0.8151253393	0.32747913930000006	0.15000000000000002	-0.7994003951	0.31607464290000004	0.15000000000000002	-0.8151258347000001	0.3273720848	0.15000000000000002	-0.8051306433000001	0.3174545211	0.15000000000000002	-0.8135211246000001	0.31716964670000003	
0.15000000000000002	-0.8287717907	0.332427935	0.16000000000000003	-0.8301123899	0.3393630333	0.16000000000000003	-0.8112317849	0.320347634	0.16000000000000003	-0.8063554525000001	0.31080142110000003	0.15000000000000002	-0.8216934260000001	0.3298653185	0.16000000000000003	-0.8074399404	0.32053063260000003	0.16000000000000003	-0.7910343374000001	0.30880213440000004	0.16000000000000003	-0.8073694298	0.32054756310000004	0.16000000000000003	-0.7966525186000001	0.31022404620000005	0.16000000000000003	-0.8052928259000001	0.30985024170000003	
0.16000000000000003	-0.8217566686	0.3260462752	0.17	-0.8227100263000001	0.33287300670000003	0.17	-0.8031851159000001	0.3131650649	0.17	-0.7980575391000001	0.3034303789	0.16000000000000003	-0.8140786713000001	0.32309058460000006	0.17	-0.7990695821	0.3131825518	0.17	-0.7823336552	0.30142024840000003	0.17	-0.7988082257000001	0.31351396610000004	0.17	-0.7881405581	0.3028090855	0.17	-0.7963001888000001	0.30217598710000004	
0.17	-0.8139157379	0.31946238250000003	0.18000000000000002	-0.8153125217	0.32644761380000004	0.18000000000000002	-0.7951803038	0.30605934310000005	0.18000000000000002	-0.7886831733	0.2953458704	0.17	-0.8063811802	0.3164404807	0.18000000000000002	-0.7904579036000001	0.30582170780000006	0.18000000000000002	-0.7735786027	0.29377771030000005	0.18000000000000002	-0.7900968666	0.30603296430000004	0.18000000000000002	-0.7793039336	0.2955140804	0.18000000000000002	-0.7874279242000001	0.2945797663	
0.18000000000000002	-0.8065154589000001	0.31296391730000006	0.19	-0.8073331518	0.31947598130000004	0.19	-0.7866972648	0.29866985630000004	0.19	-0.7799257792000001	0.2877259696	0.18000000000000002	-0.7981771263	0.3090385098	0.19	-0.7816223915	0.2983448388	0.19	-0.7639378877	0.2857121098	0.19	-0.7805650716	0.2980055893	0.19	-0.7698137302000001	0.2872622806	0.19	-0.7778532939	0.28630728510000003	
0.19	-0.7981970302	0.305812436	0.2	-0.7992963508	0.31233329200000004	0.2	-0.7773261890000001	0.2904419456	0.2	-0.7702677493000001	0.2795758839	0.19	-0.7888393812000001	0.3009232276	0.2	-0.7722510837000001	0.2901346382	0.2	-0.7539514007000001	0.2773678013	0.2	-0.7707311774000001	0.2899913068	0.2	-0.7599413722000001	0.27896246100000005	0.2	-0.7678984289	0.2779434973	
0.2	-0.7897347118	0.2984400158	0.21000000000000002	-0.7908054043	0.304795389	0.21000000000000002	-0.7681038619	0.2824033201	0.21000000000000002	-0.7603621048	0.2713450934	0.2	-0.7799871317	0.2933838629	0.21000000000000002	-0.7623770112	0.2818018948	0.21000000000000002	-0.7439166536	0.2688678748	0.21000000000000002	-0.7611817751000001	0.28171830130000003	0.21000000000000002	-0.7500261137	0.27067718570000004	0.21000000000000002	-0.7583322368000001	0.27004330680000005	
0.21000000000000002	-0.7804046113	0.2902527387	0.22000000000000003	-0.7817000754000001	0.2970630912	0.22000000000000003	-0.758055963	0.2743531698	0.22000000000000003	-0.7508253255	0.2631383341	0.21000000000000002	-0.7703112532	0.2850980824	0.22000000000000003	-0.7525808624	0.2735366261	0.22000000000000003	-0.7334457291	0.2607727194	0.22000000000000003	-0.7509347287	0.27350439249999997	0.22000000000000003	-0.7398075696	0.262140086	0.22000000000000003	-0.7483646533	0.2626895764	
0.22000000000000003	-0.7712362281	0.2827321643	0.22999999999999998	-0.7720572527	0.288901632	0.22999999999999998	-0.7481270455	0.2661345765	0.22999999999999998	-0.7400967249	0.2554196533	0.22000000000000003	-0.7604223045	0.276851111	0.22999999999999998	-0.7418846203	0.26461217330000003	0.22999999999999998	-0.7213433549000001	0.2528282948	0.22999999999999998	-0.7401587551000001	0.2655024897	0.22999999999999998	-0.7286666803	0.2543574316	0.22999999999999998	-0.7362393462000001	0.2522010764	
0.22999999999999998	-0.7616009294000001	0.27439665560000004	0.24	-0.7620470599	0.2805864368	0.24	-0.7382586296000001	0.25839984	0.24	-0.7287588176	0.2450186343	0.22999999999999998	-0.7507132429000001	0.2685798918	0.24	-0.7304484064000001	0.2584443194	0.24	-0.7107391373	0.24104270410000003	0.24	-0.7286244174000001	0.2554676159	0.24	-0.7178698906000001	0.2434039318	0.24	-0.7254579429	0.24205735970000003	
0.24	-0.7512388264000001	0.26603105180000003	0.25	-0.7523398929	0.2726770457	0.25	-0.7264414722	0.248346957	0.25	-0.7178839433	0.2353862107	0.24	-0.7401077863000001	0.26070098490000004	0.25	-0.7203735330000001	0.2462415912	0.25	-0.6995447059000001	0.23181408810000004	0.25	-0.7179262496000001	0.2454691891	0.25	-0.7061205205000001	0.2338756883	0.25	-0.7137151809	0.232609801	
0.25	-0.7412588372000001	0.2574780078	0.26	-0.7420913203	0.2638947927	0.26	-0.7152331430000001	0.2384076357	0.26	-0.7060600685	0.22606316930000003	0.25	-0.7285247149	0.2506553648	0.26	-0.7085636671	0.23686289930000004	0.26	-0.6871329159	0.22244642	0.26	-0.7061366341	0.23571208810000002	0.26	-0.6939313336	0.2241608438	0.26	-0.7014303655	0.2234336951	
0.26	-0.7293304924	0.25165671900000003	0.27	-0.7299028239	0.2564335179	0.27	-0.7040334370000001	0.2292368313	0.27	-0.6934622895000001	0.2165676365	0.26	-0.7176858528000001	0.24091992620000002	0.27	-0.695966423	0.2266735393	0.27	-0.6744488641	0.2127346925	0.27	-0.6935295203	0.2261069961	0.27	-0.6817760642	0.2150632327	0.27	-0.6888840712000001	0.21407169869999998	
0.27	-0.7193442174000001	0.2390520062	0.27999999999999997	-0.719630917	0.24426537380000002	0.27999999999999997	-0.6916979515000001	0.2197714734	0.27999999999999997	-0.6806671964000001	0.20670897430000001	0.27	-0.7058471392000001	0.23130881680000004	0.27999999999999997	-0.683311647	0.21707810950000003	0.27999999999999997	-0.6615549965	0.20314190129999998	0.27999999999999997	-0.6808155768	0.2162779424	0.27999999999999997	-0.6690609116	0.20520265530000004	0.27999999999999997	-0.6757188205000001	0.2043899313	
0.27999999999999997	-0.7079100967	0.229562673	0.29	-0.7083609548	0.23516481830000002	0.29	-0.6791506346	0.20995171340000002	0.29	-0.667605777	0.1969385719	0.27999999999999997	-0.6932954102000001	0.2216409058	0.29	-0.6707209875000001	0.2075579398	0.29	-0.6483128217	0.1933640232	0.29	-0.6677511638000001	0.2068855352	0.29	-0.6559874389	0.19587068210000003	0.29	-0.6623655793000001	0.1945136593	
0.29	-0.6954687922	0.21986285410000003	0.30000000000000004	-0.6961759818000001	0.2256545079	0.30000000000000004	-0.6662995847000001	0.20031373389999999	0.30000000000000004	-0.6540235019	0.1871326798	0.29	-0.6805444025	0.21185124100000002	0.30000000000000004	-0.6575209338	0.19752141160000003	0.30000000000000004	-0.6343131971	0.1832851769	0.30000000000000004	-0.6545557620000001	0.19668061320000002	0.30000000000000004	-0.6418077615	0.18542378580000002	0.30000000000000004	-0.6481033812	0.1847603811	
0.30000000000000004	-0.6830118798	0.21016920410000003	0.31000000000000005	-0.6836757566	0.21625359980000003	0.31000000000000005	-0.6529931750000001	0.1905443363	0.31000000000000005	-0.6401661764000001	0.177391624	0.30000000000000004	-0.6677006544	0.2022846866	0.31000000000000005	-0.6439681004	0.1875826395	0.31000000000000005	-0.6195732444000001	0.172961617	0.31000000000000005	-0.6404880608000001	0.1864693802	0.31000000000000005	-0.6276252950000001	0.1752313553	0.31000000000000005	-0.6332724795	0.1742313402	
0.31000000000000005	-0.6703771736	0.2004749622	0.32000000000000006	-0.6708014726	0.2062626124	0.32000000000000006	-0.6390925092	0.1805240099	0.32000000000000006	-0.6258441476000001	0.1674241331	0.31000000000000005	-0.6542822083000001	0.192387245	0.32000000000000006	-0.6296341893	0.17762730390000003	0.32000000000000006	-0.6049230477	0.16304752050000001	0.32000000000000006	-0.6254616375000001	0.17627783610000003	0.32000000000000006	-0.6130698465000001	0.1653929485	0.32000000000000006	-0.6184997399000001	0.1642868234	
0.32000000000000006	-0.6570128893	0.19078355970000002	0.33	-0.6574873339	0.1964571182	0.33	-0.6251920966000001	0.1706272874	0.33	-0.6110481855000001	0.1578829774	0.32000000000000006	-0.6402266717	0.18227487490000002	0.33	-0.6150626782	0.167717535	0.33	-0.5897693276	0.15334723690000002	0.33	-0.6107430915000001	0.1663061489	0.33	-0.5981691902	0.1555511044	0.33	-0.6030368416	0.15443034700000002	
0.33	-0.6435342345	0.1806975337	0.34	-0.6438504852000001	0.1866857201	0.34	-0.6097162953	0.1601594973	0.34	-0.5953909483000001	0.14747347870000002	0.33	-0.6253459441000001	0.1718266471	0.34	-0.5995128716	0.15722875190000002	0.34	-0.5743762047	0.1434522014	0.34	-0.5956394035	0.15645064930000002	0.34	-0.5821357291	0.1454095022	0.34	-0.5876145286	0.14480813020000002	
0.34	-0.6296412661	0.17108951500000003	0.35000000000000003	-0.6294624768000001	0.1762769667	0.35000000000000003	-0.5946246494999999	0.1505180998	0.35000000000000003	-0.5796397944	0.1374702291	0.34	-0.610499569	0.1620293647	0.35000000000000003	-0.5839826799	0.1474268986	0.35000000000000003	-0.5585950394	0.1337128672	0.35000000000000003	-0.5799840449000001	0.1465219386	0.35000000000000003	-0.5664598086	0.1354977017	0.35000000000000003	-0.5716571802	0.13462229150000002	
0.35000000000000003	-0.6145863602000001	0.1607960555	0.36000000000000004	-0.6148262761000001	0.1662310441	0.36000000000000004	-0.5791140119	0.14057465440000003	0.36000000000000004	-0.563673192	0.1277899107	0.35000000000000003	-0.5954800543000001	0.15214703880000002	0.36000000000000004	-0.5684359472	0.137594917	0.36000000000000004	-0.5425203937	0.124325994	0.36000000000000004	-0.5640726024	0.13682596190000001	0.36000000000000004	-0.5504113061	0.12558754700000002	0.36000000000000004	-0.5554059324	0.1264995207	
0.36000000000000004	-0.5994825747	0.1507825311	0.37000000000000005	-0.5994134998	0.1563236685	0.37000000000000005	-0.5632674271	0.1307838724	0.37000000000000005	-0.5479504445	0.1192228004	0.36000000000000004	-0.5797115617	0.1421286696	0.37000000000000005	-0.5522303362	0.1279151439	0.37000000000000005	-0.5241404185999999	0.1133012847	0.37000000000000005	-0.5484996908	0.1277739139	0.37000000000000005	-0.5329361769000001	0.1164643986	0.37000000000000005	-0.5373799107	0.11509449410000001	
0.37000000000000005	-0.5843237053	0.14122269	0.38	-0.5839672998000001	0.14653479730000002	0.38	-0.5474558151000001	0.12127086010000002	0.38	-0.5300381925000001	0.10784315259999999	0.37000000000000005	-0.5640553468	0.13232417940000002	0.38	-0.5342604449	0.1177254928	0.38	-0.5065840468	0.10369760180000001	0.38	-0.5298065302	0.11649610939999999	0.38	-0.5161901015	0.10609415390000002	0.38	-0.5197968271	0.105678733	
0.38	-0.5685561361000001	0.1314531932	0.39	-0.567800435	0.1368723247	0.39	-0.5291988186000001	0.11071449890000001	0.39	-0.5121150407	0.09827617878	0.38	-0.5476165681	0.12322900390000001	0.39	-0.5172639712	0.1075395374	0.39	-0.489143757	0.09494609303000001	0.39	-0.5120178325000001	0.10645889010000001	0.39	-0.4981562796000001	0.09653552207	0.39	-0.5016838724	0.09630301389	
0.39	-0.5522833439	0.12141861050000001	0.4	-0.5517404950000001	0.1274341835	0.4	-0.5117201143	0.1008581476	0.4	-0.4947801815	0.08959106663000001	0.39	-0.5294649833	0.11199376850000001	0.4	-0.4999236731	0.09853025874	0.4	-0.4702325329	0.08563435545	0.4	-0.4947575616	0.09760843184000001	0.4	-0.4802839076	0.08757264502	0.4	-0.4834206563000001	0.08765049969	
0.4	-0.5344147478	0.1118833285	0.41	-0.5336713443	0.1170089773	0.41	-0.4941605018	0.09170658611	0.41	-0.47564662640000005	0.08059780571	0.4	-0.511490261	0.10241763209999999	0.41	-0.4813444752	0.08900537853	0.41	-0.4517272918	0.07797264258	0.41	-0.47642619070000003	0.08889459778000001	0.41	-0.46151649130000005	0.07922976009	0.41	-0.46485479490000003	0.07999910097	
0.41	-0.518121173	0.10213185330000002	0.42000000000000004	-0.5167582256000001	0.1073900458	0.42000000000000004	-0.4759728763	0.08309482608	0.42000000000000004	-0.4568808934	0.07292740195000001	0.41	-0.4940776102	0.09330238491	0.42000000000000004	-0.46222104259999997	0.08075685244000001	0.42000000000000004	-0.4320397602	0.07072268073	0.42000000000000004	-0.4569569992	0.08064636087	0.42000000000000004	-0.44236693560000007	0.07180140289	0.42000000000000004	-0.44492544330000006	0.07265815911	
0.42000000000000004	-0.4999297533	0.09255439619000001	0.43	-0.49847101320000003	0.09818763390000002	0.43	-0.4567455579	0.07489317346	0.43	-0.43692507970000005	0.06589058632	0.42000000000000004	-0.4754362326	0.08476981276000001	0.43	-0.4428941396	0.07321253172	0.43	-0.4117551829	0.06477909307	0.43	-0.437158745	0.07356637397	0.43	-0.4224964107	0.06551102811	0.43	-0.42443081420000006	0.06717728116	
0.43	-0.4820507970000001	0.08359813522	0.44000000000000006	-0.48025148130000006	0.08947507303	0.44000000000000006	-0.436801335	0.06774117783	0.44000000000000006	-0.41692574740000005	0.06061087236	0.43	-0.4560427027	0.0764708823	0.44000000000000006	-0.4228139155	0.06685111241000001	0.44000000000000006	-0.39137725700000003	0.06079589761	0.44000000000000006	-0.4167749231	0.06756779288	0.44000000000000006	-0.40194728800000007	0.060824781310000006	0.44000000000000006	-0.4043773408	0.06315221128000001	
0.44000000000000006	-0.46342852590000005	0.07554783723	0.45	-0.46138870880000005	0.08133472577999999	0.45	-0.41645856319999996	0.06196205674	0.45	-0.39631222730000004	0.056849731400000006	0.44000000000000006	-0.4365666837	0.06981674489999999	0.45	-0.4018884453	0.0621230683	0.45	-0.36975387830000006	0.05850688734	0.45	-0.3959778659	0.06361839136	0.45	-0.38112963780000003	0.05777270352	0.45	-0.38256860460000003	0.06089485027	
0.45	-0.4440132712	0.06815523741	0.45999999999999996	-0.44182201000000004	0.07382490078000001	0.45999999999999996	-0.3963348441	0.05787165139	0.45999999999999996	-0.3752798411	0.055205357370000006	0.45	-0.41599599119999997	0.06422902346	0.45999999999999996	-0.3809526741	0.05947497887	0.45999999999999996	-0.3486881832	0.05941722357	0.45999999999999996	-0.3747729782	0.061530084250000006	0.45999999999999996	-0.3599631815	0.05736549272000001	0.45999999999999996	-0.361863113	0.06168909544	
0.45999999999999996	-0.4239950068	0.06185004913	0.47000000000000003	-0.4215411312	0.06808811231	0.47000000000000003	-0.375096627	0.05549180331	0.47000000000000003	-0.35436874100000004	0.05565084046	0.45999999999999996	-0.3954011921	0.060518225	0.47000000000000003	-0.35931932510000003	0.060647295999999996	0.47000000000000003	-0.32747044340000003	0.06060042546	0.47000000000000003	-0.3535430774	0.062083358910000004	0.47000000000000003	-0.3395836896	0.05755692838	0.47000000000000003	-0.3405638339	0.06326876082	
0.47000000000000003	-0.4035111355	0.05739078352	0.48	-0.4012712731	0.06381712657	0.48	-0.35395393500000005	0.056455856830000005	0.48	-0.33280390620000005	0.057642263920000006	0.47000000000000003	-0.3741896693	0.058455162930000006	0.48	-0.33877075040000004	0.06018123235	0.48	-0.3072718904	0.06493487827	0.48	-0.3320754111	0.0636368043	0.48	-0.3183471962	0.060742903200000004	0.48	-0.3203341542	0.06738861604	
0.48	-0.38274130110000004	0.05447857889	0.49000000000000005	-0.37967167820000003	0.06132451296	0.49000000000000005	-0.333195371	0.05743944976	0.49000000000000005	-0.3130567027	0.061965545850000005	0.48	-0.353333604	0.05896807766000001	0.49000000000000005	-0.31764618	0.06366413102	0.49000000000000005	-0.2871306353	0.07060067984	0.49000000000000005	-0.312041962	0.06819611358000001	0.49000000000000005	-0.2989524677	0.06517257733000001	0.49000000000000005	-0.30064273280000003	0.07284003426	
0.49000000000000005	-0.36127742630000004	0.055772727480000006	0.5	-0.35837805870000006	0.061998841400000004	0.5	-0.3128175849	0.061726080960000006	0.5	-0.2936038209	0.06749993832000001	0.49000000000000005	-0.33185315960000006	0.06099007188	0.5	-0.29761409250000004	0.06845029181000001	0.5	-0.2683863523	0.07723914511	0.5	-0.29255508030000005	0.07362276305	0.5	-0.2794613354	0.07105242157000001	0.5	-0.2814480065	0.07987966021000001	
0.5	-0.3412976816	0.05529748554	0.51	-0.337928278	0.06274261666	0.51	-0.29314906170000005	0.06733040719	0.51	-0.27404545080000003	0.07436293341	0.5	-0.3115749551	0.06521176719999999	0.51	-0.2776200179	0.07518998930000001	0.51	-0.24953026060000003	0.08515681716	0.51	-0.2729382594	0.08069074933999999	0.51	-0.2608823996	0.07811851011	0.51	-0.2630154321	0.08759587986	
0.51	-0.3197026901	0.058843314949999996	0.52	-0.317203724	0.06666158106	0.52	-0.27441902	0.07419659093	0.52	-0.2556911478	0.08238546006	0.51	-0.2924162893	0.07075282670000001	0.52	-0.2591194201	0.08274540537	0.52	-0.23171344440000002	0.09360723647000001	0.52	-0.2551662955	0.08826627458000001	0.52	-0.24270502070000002	0.08621211879	0.52	-0.24527147600000002	0.09631432598	
0.52	-0.299943202	0.06369650397	0.53	-0.2969940022	0.07228174607	0.53	-0.2554832765	0.08178468938	0.53	-0.238554788	0.09060175317000001	0.52	-0.273210016	0.07737247724	0.53	-0.24083728280000002	0.09096391954	0.53	-0.2150029547	0.1024836541	0.53	-0.237315045	0.09673158009	0.53	-0.2253812294	0.09479344874000001	0.53	-0.228467005	0.104863106	
0.53	-0.280520579	0.07021660561	0.54	-0.27818385110000005	0.07873539456999999	0.54	-0.2378604995	0.09066576082	0.54	-0.2210624588	0.09958294229	0.53	-0.2553543989	0.08486350406	0.54	-0.2234874799	0.0998591681	0.54	-0.19826260360000003	0.11170443480000002	0.54	-0.2197021043	0.10591004200000001	0.54	-0.2091102897	0.1037763131	0.54	-0.21184500890000002	0.1140850556	
0.54	-0.261670972	0.07790873684	0.55	-0.2599035958	0.08626670013	0.55	-0.2209333548	0.09939791581	0.55	-0.20495028999999998	0.10846969849999999	0.54	-0.2374603589	0.09325874286	0.55	-0.20730627830000004	0.108568617	0.55	-0.1825242867	0.1206995351	0.55	-0.2036598642	0.1149659808	0.55	-0.19282895700000002	0.1122359079	0.55	-0.19611103030000002	0.12307632500000001	
0.55	-0.2437051998	0.08639431317	0.5599999999999999	-0.2419911907	0.09466221172	0.5599999999999999	-0.2046072851	0.1080148824	0.5599999999999999	-0.1898230199	0.11714455020000002	0.55	-0.22041123150000003	0.1020281937	0.5599999999999999	-0.1906893111	0.11774851790000002	0.5599999999999999	-0.16630471730000002	0.1304438547	0.5599999999999999	-0.1881875072	0.12358778020000001	0.5599999999999999	-0.17769187860000002	0.12235651809999999	0.5599999999999999	-0.1801780338	0.133193724	
0.5599999999999999	-0.22652682340000002	0.09506654704	0.5700000000000001	-0.22506594010000003	0.1034546897	0.5700000000000001	-0.18828335410000002	0.1170917992	0.5700000000000001	-0.1730556712	0.1267288131	0.5599999999999999	-0.2042707524	0.11058398940000001	0.5700000000000001	-0.1745815919	0.1293324667	0.5700000000000001	-0.15096564820000002	0.1389881953	0.5700000000000001	-0.17125296590000003	0.13389993790000002	0.5700000000000001	-0.16109546610000003	0.1300661074	0.5700000000000001	-0.164515281	0.1412144031	
0.5700000000000001	-0.2102013589	0.1035871614	0.58	-0.2084105867	0.1125461169	0.58	-0.1726560596	0.1270550697	0.58	-0.15727157190000002	0.1357821803	0.5700000000000001	-0.1886927163	0.1194294246	0.58	-0.15903984040000002	0.1363498454	0.58	-0.1359188242	0.14791608180000002	0.58	-0.15583829300000002	0.1427309258	0.58	-0.14563651390000001	0.13959916930000002	0.58	-0.1497598722	0.1500748174	
0.58	-0.1934046717	0.11291458800000001	0.5900000000000001	-0.1923367775	0.1213686651	0.5900000000000001	-0.1571018271	0.13532531320000002	0.5900000000000001	-0.1427728449	0.14466151270000002	0.58	-0.17196317260000002	0.12928270120000002	0.5900000000000001	-0.1436386958	0.14590539830000002	0.5900000000000001	-0.1215332308	0.1568457846	0.5900000000000001	-0.14135989040000002	0.1516127504	0.5900000000000001	-0.1310438958	0.1483187557	0.5900000000000001	-0.1351872183	0.1586298921	
0.5900000000000001	-0.1783769571	0.12421327780000001	0.6000000000000001	-0.17636865940000002	0.1319650269	0.6000000000000001	-0.1425349524	0.144460381	0.6000000000000001	-0.1283311608	0.15318564680000002	0.5900000000000001	-0.15635532480000003	0.1377219856	0.6000000000000001	-0.128891791	0.1546295766	0.6000000000000001	-0.10714005730000001	0.1653531744	0.6000000000000001	-0.1267042074	0.16013285770000002	0.6000000000000001	-0.1164278392	0.15682735670000003	0.6000000000000001	-0.12108709540000001	0.1667392695	
0.6000000000000001	-0.16298013560000002	0.1310311379	0.61	-0.1609416263	0.1397806053	0.61	-0.1281225362	0.15305324190000003	0.61	-0.113625866	0.16148450260000002	0.6000000000000001	-0.141488175	0.1463107301	0.61	-0.1140568879	0.1631232662	0.61	-0.09339894389	0.17280664080000002	0.61	-0.111943526	0.16855969410000002	0.61	-0.1022510246	0.1646806973	0.61	-0.10721886540000002	0.1746018313	
0.61	-0.1475791186	0.1402048137	0.6200000000000001	-0.14590927220000002	0.14894271150000002	0.6200000000000001	-0.11399803690000002	0.1611405049	0.6200000000000001	-0.09940624457000001	0.16911847900000002	0.61	-0.1267921153	0.15472447840000003	0.6200000000000001	-0.09993278364000001	0.17067803930000003	0.6200000000000001	-0.07922821294	0.18005866920000002	0.6200000000000001	-0.09792124907	0.17598155680000002	0.6200000000000001	-0.08824889617000001	0.17168704420000003	0.6200000000000001	-0.09256699356	0.18130655280000002	
0.6200000000000001	-0.13292268000000002	0.1493373898	0.63	-0.1313468387	0.157521191	0.63	-0.10016611959999999	0.1689566187	0.63	-0.08537208982	0.17610838120000002	0.6200000000000001	-0.11187375120000001	0.1629021143	0.63	-0.08598587069000001	0.1779906015	0.63	-0.06571544166	0.18624819820000002	0.63	-0.08396551358	0.18340697350000001	0.63	-0.07384952663	0.178692066	0.63	-0.07874589066000001	0.18745273750000002	
0.63	-0.1188312313	0.1578651685	0.6400000000000001	-0.11734191570000002	0.1661151857	0.6400000000000001	-0.08572067629999999	0.17603228410000002	0.6400000000000001	-0.07176345762000001	0.18238999030000003	0.63	-0.0974432425	0.17044774380000002	0.6400000000000001	-0.07155334486	0.1849415215	0.6400000000000001	-0.05216181788	0.1920787326	0.6400000000000001	-0.06998845649	0.1902622243	0.6400000000000001	-0.059509674080000005	0.1848956364	0.6400000000000001	-0.06522281009	0.1936315852	
0.6400000000000001	-0.1050187724	0.16541134070000002	0.65	-0.1035311111	0.1734819176	0.65	-0.07173163252	0.18288494030000002	0.65	-0.057640880230000004	0.18838501600000002	0.6400000000000001	-0.08296777696	0.17764653	0.65	-0.05769069672	0.1902652166	0.65	-0.038802096210000005	0.19701394590000001	0.65	-0.05575607448000001	0.19635742020000002	0.65	-0.04559719925	0.1900140845	0.65	-0.05130931642	0.1996877421	
0.65	-0.09059529461	0.172488841	0.66	-0.08927593331000001	0.1805851489	0.66	-0.058376006609999996	0.18900874990000002	0.66	-0.043360419639999995	0.19320173220000003	0.65	-0.06900086946	0.1837893492	0.66	-0.04310876685	0.1959450405	0.66	-0.025657825500000002	0.2008801052	0.66	-0.04176174253	0.20100550410000004	0.66	-0.03158673943	0.19478115370000001	0.66	-0.03760970625	0.20448567720000002	
0.66	-0.0771247505	0.17880455250000002	0.67	-0.07544940127000001	0.1867357001	0.67	-0.0451535833	0.1944272575	0.67	-0.029739916119999998	0.1967984249	0.66	-0.054543804470000005	0.1897083901	0.67	-0.02930040471	0.2004024619	0.67	-0.01183058486	0.20390881500000002	0.67	-0.028477399320000003	0.2049471508	0.67	-0.01768477697	0.19842935280000001	0.67	-0.023691455860000002	0.20811517300000004	
0.67	-0.06371686345	0.18534766140000003	0.68	-0.06177549215	0.192829985	0.68	-0.03159008381	0.1989830035	0.68	-0.01538490825	0.20002138120000001	0.67	-0.04047229972	0.1948351183	0.68	-0.01530858052	0.20470469320000004	0.68	0.001482641906	0.2062264838	0.68	-0.0148075855	0.20797690219999998	0.68	-0.0029708899	0.2014988614	0.68	-0.01004498844	0.2105925947	
0.68	-0.05039899628	0.1914749992	0.6900000000000001	-0.047822051580000004	0.19874384050000002	0.6900000000000001	-0.01777182504	0.20243005680000004	0.6900000000000001	-0.00172303894	0.2025120994	0.68	-0.026557743239999997	0.19897439500000003	0.6900000000000001	-0.0009182681565	0.20813779480000003	0.6900000000000001	0.013532773920000001	0.2076219386	0.6900000000000001	-0.0010258959430000001	0.2102900138	0.6900000000000001	0.009985375856	0.20341290820000002	0.6900000000000001	0.0034172151230000003	0.21262318900000002	
0.6900000000000001	-0.03711213339	0.19658558950000002	0.7000000000000001	-0.03409974465	0.20333313830000002	0.7000000000000001	-0.004232274227000001	0.2047886385	0.7000000000000001	0.012007810590000001	0.2040126666	0.6900000000000001	-0.012283091040000001	0.20283409780000003	0.7000000000000001	0.012394825830000001	0.210390729	0.7000000000000001	0.029038288470000003	0.2086326471	0.7000000000000001	0.011512216129999999	0.21165710130000004	0.7000000000000001	0.02563280012	0.2049009071	0.7000000000000001	0.017407268979999998	0.2142516669	
0.7000000000000001	-0.023973233870000003	0.20034560199999998	0.71	-0.02021847292	0.20719125740000002	0.71	0.008326864943	0.20641188470000002	0.71	0.02648323392	0.2033922331	0.7000000000000001	0.001286154525	0.205656348	0.71	0.027502097910000002	0.21125137630000002	0.71	0.04190018471	0.20760050689999998	0.71	0.027186442380000002	0.2116808007	0.71	0.03923753562	0.204456821	0.71	0.03150043389	0.2142072705	
0.71	-0.01058858853	0.20294811410000002	0.7200000000000001	-0.006168617598	0.20953244729999998	0.7200000000000001	0.02276008704	0.2077582896	0.7200000000000001	0.0399243826	0.20263207390000001	0.71	0.015272587879999999	0.2080102147	0.7200000000000001	0.041324791769999994	0.2110330609	0.7200000000000001	0.054871323959999996	0.20637702010000003	0.7200000000000001	0.040267121110000005	0.21073852440000002	0.7200000000000001	0.05316152965	0.2035017695	0.7200000000000001	0.04490983706	0.2130655004	
0.7200000000000001	0.002155019235	0.2050940238	0.73	0.007210222643	0.2117426845	0.73	0.0365489051	0.2073349298	0.73	0.05356829768	0.20125396040000001	0.7200000000000001	0.02949569643	0.20786377190000002	0.73	0.05518742785	0.2104373851	0.73	0.06818122055	0.2042950693	0.73	0.05378461807	0.2095922639	0.73	0.06731105392	0.2017342796	0.73	0.05832442766	0.2116272655	
0.73	0.01558341895	0.20679180640000003	0.7400000000000001	0.02148314859	0.21350909900000004	0.7400000000000001	0.049495669639999997	0.2061380062	0.7400000000000001	0.06749173753	0.1987883922	0.73	0.04315894964	0.2075243779	0.7400000000000001	0.06935035722	0.20873522310000003	0.7400000000000001	0.08149884104	0.2009201652	0.7400000000000001	0.06762073903	0.20693857599999999	0.7400000000000001	0.08115171956999999	0.1989881281	0.7400000000000001	0.07198939718	0.20926446580000002	
0.7400000000000001	0.02872774196	0.20660560110000004	0.75	0.03528566346	0.21332882770000003	0.75	0.06274562452	0.20424419000000002	0.75	0.08102846858	0.19532944350000003	0.7400000000000001	0.0569058967	0.20666683030000002	0.75	0.08314330217	0.20590290910000003	0.75	0.09436722589	0.1966061239	0.75	0.08110451744000001	0.20327221660000003	0.75	0.09515779461	0.19578586190000002	0.75	0.08561676436000001	0.2056243914	
0.75	0.041764371130000005	0.2058872138	0.76	0.04864336766	0.2123050501	0.76	0.07628924766	0.20153497269999998	0.76	0.09473944980000001	0.1908248003	0.75	0.07100884630000001	0.20450670460000003	0.76	0.09699781953	0.2024394408	0.76	0.1075464574	0.1917728086	0.76	0.0943763187	0.19904473840000003	0.76	0.1094036349	0.19116855570000002	0.76	0.09898837574	0.20088793510000003	
0.76	0.05495936458	0.20462485760000002	0.77	0.062226164720000005	0.2105411547	0.77	0.08966252744	0.19771156560000003	0.77	0.1084690958	0.18586045480000002	0.76	0.08451787561	0.20156543340000002	0.77	0.11054731410000002	0.198414043	0.77	0.120904715	0.185900414	0.77	0.10806444930000002	0.1940847933	0.77	0.12319108420000001	0.18596031030000001	0.77	0.1120561177	0.19576052710000003	
0.77	0.0682661686	0.20187151010000004	0.78	0.07600222349	0.2079305368	0.78	0.1027854849	0.19289013030000002	0.78	0.12216332750000002	0.179734741	0.77	0.09851304195	0.1974863611	0.78	0.12498716160000001	0.19285212210000002	0.78	0.1344494383	0.17890240550000003	0.78	0.12153794870000001	0.1879238497	0.78	0.1376367024	0.17925805350000001	0.78	0.1256568177	0.18977221070000003	
0.78	0.08139857724	0.19819099380000002	0.79	0.08970331381999999	0.2042091292	0.79	0.11558143320000001	0.1878121303	0.79	0.1356262321	0.1724858662	0.78	0.11210657200000002	0.1928933302	0.79	0.138690852	0.18653420510000002	0.79	0.1470358064	0.1714501133	0.79	0.1348897182	0.1807048327	0.79	0.15117979380000002	0.1721879107	0.79	0.13914982520000002	0.18258045730000003	
0.79	0.09402090047	0.1942611639	0.8	0.1029939971	0.19972058210000002	0.8	0.1287821767	0.1816958291	0.8	0.1492470458	0.1645508698	0.79	0.1260822039	0.1872968002	0.8	0.1522095128	0.1793821883	0.8	0.15995673	0.1628959573	0.8	0.1478422563	0.173010929	0.8	0.16379821910000003	0.16420728620000002	0.8	0.15267893700000001	0.17444363870000001	
0.8	0.10716517160000001	0.18933277910000001	0.81	0.116688077	0.1942834658	0.81	0.1420248502	0.17435839630000002	0.81	0.1625427251	0.15550870100000003	0.8	0.1401601654	0.1801878301	0.81	0.1649472731	0.1718613143	0.81	0.17227786860000002	0.15436146250000002	0.81	0.16143836960000002	0.1646072673	0.81	0.1789800678	0.1548666859	0.81	0.16370349420000002	0.1667302646	
0.81	0.12035709459999999	0.18319675540000002	0.82	0.1300804726	0.1881619659	0.82	0.1550274376	0.16581542240000002	0.82	0.1750795545	0.14668658850000002	0.81	0.15357857590000001	0.17275729950000002	0.82	0.18063486950000002	0.16094406770000003	0.82	0.18590935150000001	0.14367686129999999	0.82	0.1742375938	0.1555928644	0.82	0.19241392670000002	0.14518948490000003	0.82	0.17668070940000002	0.15702010980000003	
0.82	0.1333726695	0.1760080168	0.8300000000000001	0.14379507760000002	0.18083805690000002	0.8300000000000001	0.1687152265	0.1564522773	0.8300000000000001	0.1892789433	0.1350175667	0.82	0.16755709240000002	0.1645423436	0.8300000000000001	0.192632819	0.1534944547	0.8300000000000001	0.1998758085	0.1328031214	0.8300000000000001	0.18760989830000002	0.1438571021	0.8300000000000001	0.20643659790000002	0.13362174680000002	0.8300000000000001	0.1922986405	0.1448662768	
0.8300000000000001	0.1459857	0.16870033980000002	0.8400000000000001	0.15744910010000002	0.1729037105	0.8400000000000001	0.1802695064	0.147906958	0.8400000000000001	0.20247495199999999	0.1249802535	0.8300000000000001	0.18017249740000002	0.1555386461	0.8400000000000001	0.206519591	0.1419518921	0.8400000000000001	0.2168234816	0.12581336740000001	0.8400000000000001	0.20041877819999998	0.13383865820000002	0.8400000000000001	0.22082330190000002	0.1221629562	0.8400000000000001	0.2059683989	0.1328748128	
0.8400000000000001	0.15912558310000002	0.1602724079	0.8500000000000001	0.17018643970000003	0.166511251	0.8500000000000001	0.1943063446	0.1359986999	0.8500000000000001	0.2177471555	0.1125498269	0.8400000000000001	0.19435132770000002	0.1448994766	0.8500000000000001	0.22055242730000002	0.1304851469	0.8500000000000001	0.23162023070000004	0.1147001779	0.8500000000000001	0.218604517	0.12459228060000001	0.8500000000000001	0.23411070060000003	0.1095050651	0.8500000000000001	0.2186118692	0.12060429230000001	
0.8500000000000001	0.17173755540000002	0.1511496276	0.86	0.1700053518	0.1664556815	0.86	0.2073987492	0.12512151030000002	0.86	0.23258483540000002	0.10463612030000001	0.8500000000000001	0.20866392050000002	0.132924801	0.86	0.23388147680000004	0.11807721030000001	0.86	0.2468829402	0.10566948110000002	0.86	0.23256108250000002	0.11479570480000001	0.86	0.2494565094	0.09989579792000002	0.86	0.23144672000000002	0.1078651107	
